Rk,Player,Pos,Age,Tm,G,GS,MP,FG,FGA,FG%,3P,3PA,3P%,2P,2PA,2P%,eFG%,FT,FTA,FT%,ORB,DRB,TRB,AST,STL,BLK,TOV,PF,PTS
1,Michael Finley\finlemi01,SF,24,DAL,82,82,41.4,8.2,18.4,.449,1.1,3.0,.357,7.2,15.4,.466,.477,4.0,5.1,.784,1.8,3.5,5.3,4.9,1.6,0.4,2.7,2.0,21.5
2,Glenn Robinson\robingl01,SF,25,MIL,56,56,41.0,9.5,20.3,.470,0.4,1.2,.385,9.1,19.1,.475,.481,3.8,4.8,.808,1.5,4.0,5.5,2.8,1.2,0.6,3.6,2.9,23.4
3,Grant Hill*\hillgr01,SF,25,DET,81,81,40.7,7.6,16.8,.452,0.0,0.3,.143,7.6,16.5,.457,.453,5.9,8.0,.740,1.1,6.5,7.7,6.8,1.8,0.7,3.5,2.4,21.1
4,Glen Rice\ricegl01,SF,30,CHH,82,82,40.2,7.7,16.9,.457,1.6,3.7,.433,6.1,13.2,.464,.504,5.2,6.1,.849,1.1,3.2,4.3,2.2,0.9,0.3,2.2,2.4,22.3
5,Ray Allen*\allenra02,SG,22,MIL,82,82,40.1,6.9,16.0,.428,1.6,4.5,.364,5.2,11.5,.453,.479,4.2,4.8,.875,1.5,3.4,4.9,4.3,1.4,0.1,3.2,3.0,19.5
6,Juwan Howard\howarju01,PF,24,WAS,64,64,40.0,7.2,15.5,.467,0.0,0.0,.000,7.2,15.5,.468,.467,4.0,5.6,.721,2.5,4.5,7.0,3.3,1.3,0.4,2.9,3.5,18.5
7,Damon Stoudamire\stoudda01,PG,24,TOT,71,71,40.0,6.3,15.4,.411,1.3,4.3,.299,5.0,11.1,.454,.452,3.4,4.0,.829,1.2,3.0,4.2,8.2,1.6,0.1,3.1,2.1,17.3
8,Antoine Walker\walkean02,PF,21,BOS,82,82,39.9,8.8,20.8,.423,1.1,3.6,.312,7.7,17.2,.447,.450,3.7,5.8,.645,3.3,6.9,10.2,3.3,1.7,0.7,3.6,3.2,22.4
9,Rod Strickland\stricro02,PG,31,WAS,76,76,39.7,6.4,14.9,.434,0.2,0.6,.250,6.3,14.2,.442,.439,4.7,6.5,.726,1.5,3.9,5.3,10.5,1.7,0.3,3.5,2.4,17.8
10,Chris Webber\webbech01,C,24,WAS,71,71,39.6,9.1,18.9,.482,0.9,2.9,.317,8.2,16.0,.512,.507,2.8,4.7,.589,2.5,7.0,9.5,3.8,1.6,1.7,2.6,3.8,21.9
11,Allen Iverson*\iversal01,PG,22,PHI,80,80,39.4,8.1,17.6,.461,0.9,2.9,.298,7.2,14.7,.494,.486,4.9,6.7,.729,1.1,2.6,3.7,6.2,2.2,0.3,3.1,2.5,22.0
12,Kevin Garnett\garneke01,PF,21,MIN,82,82,39.3,7.7,15.8,.491,0.0,0.2,.188,7.7,15.6,.495,.492,3.0,4.0,.738,2.7,6.9,9.6,4.2,1.7,1.8,2.3,2.7,18.5
13,Tim Duncan\duncati01,PF,21,SAS,82,82,39.1,8.6,15.7,.549,0.0,0.1,.000,8.6,15.6,.553,.549,3.9,5.9,.662,3.3,8.6,11.9,2.7,0.7,2.5,3.4,3.1,21.1
14,Steve Smith\smithst01,SG,28,ATL,73,73,39.1,6.7,15.1,.444,1.3,3.8,.351,5.4,11.3,.475,.488,5.3,6.2,.855,1.8,2.4,4.2,4.0,1.0,0.4,2.4,3.0,20.1
15,Wesley Person\persowe01,SG,26,CLE,82,82,39.0,5.4,11.7,.460,2.3,5.5,.430,3.0,6.2,.486,.560,1.6,2.1,.776,0.8,3.6,4.4,2.3,1.6,0.6,1.3,1.3,14.7
16,Anthony Mason\masonan01,PF,31,CHH,81,80,38.9,4.8,9.4,.509,0.0,0.0,.000,4.8,9.4,.512,.509,3.2,5.0,.649,2.2,8.0,10.2,4.2,0.8,0.2,1.8,2.2,12.8
17,Michael Jordan*\jordami01,SG,34,CHI,82,82,38.8,10.7,23.1,.465,0.4,1.5,.238,10.4,21.5,.482,.473,6.9,8.8,.784,1.6,4.2,5.8,3.5,1.7,0.5,2.3,1.8,28.7
18,Mookie Blaylock\blaylmo01,PG,30,ATL,70,69,38.6,5.3,13.4,.392,1.3,4.8,.269,4.0,8.6,.460,.440,1.4,1.9,.709,1.2,3.7,4.9,6.7,2.6,0.3,2.5,1.7,13.2
19,Jim Jackson\jacksji01,SG,27,TOT,79,78,38.6,6.0,14.0,.430,0.8,2.4,.319,5.3,11.6,.453,.458,2.9,3.6,.812,1.6,3.4,5.1,4.8,1.0,0.1,3.3,2.4,15.7
20,Gary Payton*\paytoga01,PG,29,SEA,82,82,38.4,7.1,15.6,.453,1.6,4.8,.338,5.4,10.7,.505,.505,3.4,4.6,.744,0.9,3.6,4.6,8.3,2.3,0.2,2.8,2.4,19.2
21,Jason Kidd*\kiddja01,PG,24,PHO,82,82,38.0,4.4,10.5,.416,0.9,2.8,.313,3.5,7.6,.454,.458,2.0,2.5,.799,1.3,4.9,6.2,9.1,2.0,0.3,3.2,1.7,11.6
22,Stephon Marbury\marbust01,PG,20,MIN,82,81,38.0,6.3,15.1,.415,1.2,3.7,.313,5.1,11.4,.448,.453,4.0,5.5,.731,0.7,2.1,2.8,8.6,1.3,0.1,3.1,2.7,17.7
23,Doug Christie\chrisdo01,SG,27,TOR,78,78,37.7,5.9,13.7,.428,1.3,3.9,.326,4.6,9.8,.469,.474,3.5,4.2,.829,1.2,4.0,5.2,3.6,2.4,0.7,2.9,2.5,16.5
24,Isaiah Rider\rideris01,SG,26,POR,74,66,37.6,7.4,17.6,.423,1.8,5.7,.321,5.6,11.9,.472,.475,3.0,3.6,.828,1.3,3.3,4.7,3.1,0.7,0.3,2.5,2.5,19.7
25,Rasheed Wallace\wallara01,PF,23,POR,77,77,37.6,6.1,11.4,.533,0.1,0.5,.205,5.9,10.9,.548,.537,2.4,3.6,.662,1.7,4.5,6.2,2.5,1.0,1.1,2.2,3.5,14.6
26,Keith Van Horn\vanhoke01,PF,22,NJN,62,62,37.5,7.2,16.9,.426,1.1,3.6,.308,6.1,13.3,.458,.459,4.2,4.9,.846,2.3,4.3,6.6,1.7,1.0,0.4,2.6,3.5,19.7
27,Tim Hardaway\hardati01,PG,31,MIA,81,81,37.4,6.9,16.0,.431,1.9,5.5,.351,5.0,10.5,.472,.490,3.2,4.1,.781,0.6,3.1,3.7,8.3,1.7,0.2,2.8,2.5,18.9
28,Karl Malone*\malonka01,PF,34,UTA,81,81,37.4,9.6,18.2,.530,0.0,0.1,.333,9.6,18.1,.531,.531,7.8,10.2,.761,2.3,8.0,10.3,3.9,1.2,0.9,3.0,2.9,27.0
29,Horace Grant\grantho01,C,32,ORL,76,76,36.9,5.2,11.3,.459,0.0,0.1,.000,5.2,11.2,.462,.459,1.8,2.6,.678,3.0,5.1,8.1,2.3,1.1,1.0,1.2,2.4,12.1
30,Mitch Richmond*\richmmi01,SG,32,SAC,70,70,36.7,7.8,17.4,.445,1.9,4.8,.389,5.9,12.7,.466,.498,5.8,6.7,.864,0.7,2.6,3.3,4.0,1.3,0.2,2.6,2.2,23.2
31,Kerry Kittles\kittlke01,SG,23,NJN,77,76,36.5,6.6,15.0,.440,1.4,3.4,.418,5.2,11.6,.447,.488,2.6,3.2,.808,1.7,3.0,4.7,2.3,1.7,0.5,1.4,2.0,17.2
32,Eddie Jones\jonesed02,SG,26,LAL,80,80,36.4,6.1,12.6,.484,1.8,4.6,.389,4.3,8.0,.538,.555,2.9,3.8,.765,1.1,2.7,3.8,3.1,2.0,0.7,1.8,2.1,16.9
33,Shaquille O'Neal*\onealsh01,C,25,LAL,60,57,36.3,11.2,19.1,.584,0.0,0.0,,11.2,19.1,.584,.584,6.0,11.4,.527,3.5,7.9,11.4,2.4,0.7,2.4,2.9,3.2,28.3
34,Derrick Coleman\colemde01,PF,30,PHI,59,58,36.2,6.0,14.7,.411,0.4,1.7,.265,5.6,13.0,.429,.426,5.1,6.6,.772,2.5,7.4,9.9,2.5,0.8,1.2,2.7,2.4,17.6
35,Tyrone Hill\hillty01,PF,29,MIL,57,56,36.2,3.6,7.3,.498,0.0,0.0,.000,3.6,7.3,.499,.498,2.7,4.5,.608,3.7,6.9,10.7,1.5,1.2,0.5,1.9,4.0,10.0
36,Shareef Abdur-Rahim\abdursh01,SF,21,VAN,82,82,36.0,8.0,16.4,.485,0.3,0.6,.412,7.7,15.8,.488,.493,6.1,7.8,.784,2.8,4.3,7.1,2.6,1.1,0.9,3.1,2.5,22.3
37,Bo Outlaw\outlabo01,PF,26,ORL,82,76,36.0,3.7,6.6,.554,0.0,0.0,.250,3.7,6.6,.557,.555,2.2,3.8,.575,3.1,4.7,7.8,2.6,1.3,2.2,2.1,3.2,9.5
38,Jayson Williams\willija01,C,29,NJN,65,65,36.0,4.9,9.9,.498,0.0,0.1,.000,4.9,9.9,.501,.498,3.0,4.5,.666,6.8,6.8,13.6,1.0,0.7,0.8,1.5,3.6,12.9
39,Vin Baker\bakervi01,C,26,SEA,82,82,35.9,7.7,14.2,.542,0.0,0.1,.143,7.7,14.1,.545,.543,3.8,6.4,.591,3.5,4.5,8.0,1.9,1.1,1.0,2.1,3.4,19.2
40,Donyell Marshall\marshdo01,SF,24,GSW,73,73,35.8,6.2,14.9,.414,0.9,2.8,.313,5.3,12.2,.436,.443,2.2,3.0,.731,2.9,5.7,8.6,2.2,1.3,1.0,2.0,3.1,15.4
41,Avery Johnson\johnsav01,PG,32,SAS,75,73,35.7,4.3,8.9,.478,0.0,0.2,.154,4.3,8.8,.485,.480,1.6,2.2,.726,0.4,1.6,2.0,7.9,1.1,0.2,2.2,1.9,10.2
42,Dennis Rodman*\rodmade01,PF,36,CHI,80,66,35.7,1.9,4.5,.431,0.1,0.3,.174,1.9,4.2,.448,.436,0.8,1.4,.550,5.3,9.8,15.0,2.9,0.6,0.2,1.8,3.0,4.7
43,Corliss Williamson\willico02,SF,24,SAC,79,75,35.7,7.1,14.4,.495,0.0,0.1,.000,7.1,14.2,.499,.495,3.5,5.6,.630,2.1,3.6,5.6,2.9,1.0,0.6,2.5,3.2,17.7
44,Dikembe Mutombo*\mutomdi01,C,31,ATL,82,82,35.6,4.9,9.1,.537,0.0,0.0,,4.9,9.1,.537,.537,3.7,5.5,.670,3.4,8.0,11.4,1.0,0.4,3.4,2.0,3.1,13.4
45,Clyde Drexler*\drexlcl01,SG,35,HOU,70,70,35.3,6.5,15.1,.427,1.5,4.8,.317,4.9,10.4,.477,.477,4.0,4.9,.801,1.5,3.4,4.9,5.5,1.8,0.6,2.7,2.8,18.4
46,Lindsey Hunter\hunteli01,PG,27,DET,71,67,35.3,4.5,11.6,.383,1.2,3.7,.321,3.3,7.9,.412,.434,2.0,2.8,.740,0.9,2.6,3.5,3.2,1.7,0.1,1.5,2.5,12.1
47,Detlef Schrempf\schrede01,SF,35,SEA,78,78,35.2,5.6,11.5,.487,0.8,1.9,.415,4.8,9.6,.501,.521,3.8,4.5,.844,1.7,5.4,7.1,4.4,0.8,0.2,2.2,2.6,15.8
48,David Wesley\wesleda01,PG,27,CHH,81,81,35.1,4.7,10.7,.443,0.7,2.1,.347,4.0,8.6,.467,.477,2.8,3.6,.795,0.6,2.0,2.6,6.5,1.7,0.4,2.8,2.8,13.0
49,Sam Cassell\cassesa01,PG,28,NJN,75,72,34.7,6.8,15.4,.441,0.2,1.1,.188,6.6,14.3,.460,.448,5.8,6.8,.860,1.0,2.1,3.0,8.0,1.6,0.3,3.6,3.5,19.6
50,Allan Houston\houstal01,SG,26,NYK,82,82,34.7,7.0,15.6,.447,1.0,2.6,.385,6.0,13.0,.460,.479,3.5,4.1,.851,0.5,2.8,3.3,2.6,0.8,0.3,2.4,2.5,18.4
51,Calbert Cheaney\cheanca01,SG,26,WAS,82,82,34.6,5.5,12.0,.457,0.2,0.6,.283,5.3,11.3,.467,.464,1.7,2.6,.647,1.0,3.0,4.0,2.1,1.2,0.4,1.3,3.2,12.8
52,Shawn Kemp\kempsh01,PF,28,CLE,80,80,34.6,6.5,14.6,.445,0.0,0.1,.250,6.5,14.5,.446,.446,5.1,7.0,.727,2.7,6.6,9.3,2.5,1.4,1.1,3.4,3.9,18.0
53,Charles Oakley\oaklech01,PF,34,NYK,79,79,34.6,3.9,8.8,.440,0.0,0.1,.000,3.9,8.8,.444,.440,1.2,1.4,.851,2.8,6.4,9.2,2.5,1.6,0.3,1.6,3.5,9.0
54,Larry Johnson\johnsla02,SF,28,NYK,70,70,34.5,6.1,12.6,.485,0.2,0.9,.238,5.9,11.7,.504,.494,3.1,4.0,.756,2.5,3.2,5.7,2.1,0.6,0.2,1.8,2.8,15.5
55,Reggie Miller*\millere01,SG,32,IND,81,81,34.5,6.4,13.3,.477,2.0,4.7,.429,4.3,8.6,.504,.553,4.7,5.4,.868,0.6,2.3,2.9,2.1,1.0,0.1,1.6,1.8,19.5
56,Tyrone Corbin\corbity01,SF,35,ATL,79,79,34.2,4.2,9.5,.439,0.6,1.8,.348,3.5,7.7,.460,.472,1.3,1.6,.789,1.0,3.6,4.6,2.2,1.3,0.1,1.1,2.5,10.2
57,Bryant Reeves\reevebr01,C,24,VAN,74,74,34.1,6.6,12.7,.523,0.0,0.1,.000,6.6,12.7,.525,.523,3.0,4.3,.706,2.6,5.3,7.9,2.1,0.5,1.1,2.1,3.8,16.3
58,LaPhonso Ellis\ellisla01,SF,27,DEN,76,71,33.9,5.4,13.3,.407,0.8,2.6,.284,4.6,10.6,.438,.435,2.7,3.4,.805,1.9,5.2,7.2,2.8,0.9,0.6,2.3,3.0,14.3
59,Kendall Gill\gillke01,SF,29,NJN,81,81,33.7,5.2,12.0,.429,0.3,1.2,.257,4.8,10.8,.449,.443,2.8,4.0,.688,1.4,3.4,4.8,2.5,1.9,0.8,1.5,3.3,13.4
60,David Robinson*\robinda01,C,32,SAS,73,73,33.7,7.5,14.6,.511,0.0,0.1,.250,7.4,14.5,.512,.511,6.6,9.0,.735,3.3,7.3,10.6,2.7,0.9,2.6,2.8,2.8,21.6
61,Bison Dele\delebi01,C,28,DET,78,78,33.6,6.8,13.3,.511,0.0,0.0,.333,6.8,13.3,.511,.511,2.5,3.6,.707,2.9,6.1,8.9,1.2,0.9,0.7,2.3,3.2,16.2
62,Rex Chapman\chapmre01,SG,30,PHO,68,67,33.3,6.0,14.1,.427,1.8,4.6,.386,4.2,9.5,.447,.490,2.1,2.8,.781,0.4,2.1,2.5,3.0,1.0,0.2,1.7,1.5,15.9
63,Ron Mercer\mercero01,SG,21,BOS,80,62,33.3,6.4,14.3,.450,0.0,0.4,.107,6.4,14.0,.458,.451,2.4,2.8,.839,1.4,2.1,3.5,2.2,1.6,0.2,1.7,2.7,15.3
64,Charles Barkley*\barklch01,PF,34,HOU,68,41,33.0,5.3,10.9,.485,0.3,1.2,.214,5.0,9.7,.520,.497,4.4,5.8,.746,3.5,8.1,11.7,3.2,1.0,0.4,2.2,2.8,15.2
65,Rick Fox\foxri01,SF,28,LAL,82,82,33.0,4.4,9.4,.471,1.0,3.2,.325,3.4,6.2,.547,.527,2.1,2.8,.743,1.0,3.4,4.4,3.4,1.2,0.6,2.5,3.8,12.0
66,Rodney Rogers\rogerro01,SF,26,LAC,76,70,32.9,5.6,12.3,.456,0.9,2.8,.340,4.7,9.5,.490,.494,3.0,4.3,.686,2.0,3.5,5.6,2.7,1.2,0.5,2.5,3.2,15.1
67,Lamond Murray\murrala01,SF,24,LAC,79,65,32.6,6.0,12.5,.481,0.7,1.9,.353,5.3,10.5,.504,.508,2.8,3.7,.748,2.2,3.9,6.1,1.8,1.5,0.7,2.2,2.4,15.4
68,Erick Dampier\dampier01,C,22,GSW,82,82,32.4,4.3,9.6,.445,0.0,0.0,.000,4.3,9.6,.446,.445,3.3,4.9,.669,3.3,5.4,8.7,1.1,0.5,1.7,2.1,3.4,11.8
69,Voshon Lenard\lenarvo01,SG,24,MIA,81,81,32.4,4.5,10.5,.425,1.9,4.7,.405,2.6,5.9,.441,.515,1.7,2.2,.788,0.9,2.7,3.6,2.2,0.7,0.2,1.2,2.7,12.6
70,Joe Dumars*\dumarjo01,SG,34,DET,72,72,32.3,4.6,11.0,.416,2.2,5.9,.371,2.4,5.1,.468,.516,1.8,2.1,.825,0.2,1.3,1.4,3.5,0.6,0.0,1.2,1.4,13.1
71,A.C. Green\greenac01,PF,34,DAL,82,68,32.3,3.0,6.5,.453,0.0,0.0,.000,3.0,6.5,.457,.453,1.4,2.0,.716,2.7,5.5,8.1,1.5,1.0,0.3,0.8,1.9,7.3
72,Jerry Stackhouse\stackje01,SG-SF,23,TOT,79,37,32.2,5.4,12.3,.435,0.6,2.5,.241,4.8,9.9,.483,.459,4.5,5.7,.787,1.3,2.0,3.4,3.1,1.1,0.7,2.8,2.2,15.8
73,Dean Garrett\garrede01,C,31,DEN,82,82,32.1,3.0,6.9,.428,0.0,0.0,,3.0,6.9,.428,.428,1.4,2.1,.648,2.8,5.1,7.9,1.1,0.7,1.6,1.0,2.4,7.3
74,Nick Van Exel\vanexni01,PG,26,LAL,64,46,32.1,4.9,11.6,.419,1.9,4.9,.389,2.9,6.7,.440,.501,2.1,2.7,.791,0.5,2.5,3.0,6.9,1.0,0.1,1.6,1.9,13.8
75,Arvydas Sabonis*\sabonar01,C,33,POR,73,73,32.0,5.6,11.3,.493,0.4,1.6,.261,5.2,9.7,.530,.511,4.4,5.5,.798,2.0,7.9,10.0,3.0,0.9,1.1,2.6,3.7,16.0
76,P.J. Brown\brownpj01,PF,28,MIA,74,74,31.9,3.8,8.0,.471,0.0,0.0,,3.8,8.0,.471,.471,2.0,2.7,.766,3.2,5.4,8.6,1.4,0.9,1.3,1.3,3.6,9.6
77,Marcus Camby\cambyma01,C,23,TOR,63,58,31.8,4.9,11.9,.412,0.0,0.0,.000,4.9,11.8,.413,.412,2.4,3.9,.611,3.2,4.2,7.4,1.8,1.1,3.7,2.1,3.2,12.1
78,Hersey Hawkins\hawkihe01,SG,31,SEA,82,82,31.7,3.4,7.8,.440,1.5,3.7,.415,1.9,4.1,.463,.539,2.2,2.5,.868,0.9,3.2,4.1,2.7,1.8,0.2,1.2,1.9,10.5
79,Kevin Willis\willike02,PF,35,HOU,81,74,31.2,6.6,12.9,.510,0.0,0.1,.143,6.5,12.8,.513,.511,3.0,3.8,.793,2.9,5.5,8.4,1.0,0.7,0.5,2.1,2.9,16.1
80,Brevin Knight\knighbr01,PG,22,CLE,80,76,31.0,3.3,7.4,.441,0.0,0.1,.000,3.3,7.3,.446,.441,2.5,3.1,.801,0.8,2.3,3.2,8.2,2.5,0.2,2.4,3.4,9.0
81,Cedric Henderson\hendece02,SF,22,CLE,82,71,30.8,4.2,8.8,.480,0.0,0.0,.000,4.2,8.8,.483,.480,1.7,2.3,.716,0.9,3.1,4.0,2.0,1.2,0.5,2.0,2.9,10.1
82,Jeff Hornacek\hornaje01,SG,34,UTA,80,80,30.8,5.0,10.4,.482,0.7,1.6,.441,4.3,8.8,.489,.516,3.6,4.0,.885,0.8,2.6,3.4,4.4,1.4,0.2,1.7,2.2,14.2
83,Christian Laettner\laettch01,PF,28,ATL,74,49,30.8,4.8,9.9,.485,0.1,0.4,.222,4.7,9.5,.495,.489,4.1,4.8,.864,1.9,4.7,6.6,2.6,1.0,1.0,2.5,3.3,13.8
84,Robert Horry\horryro01,PF,27,LAL,72,71,30.4,2.8,5.8,.476,0.3,1.3,.204,2.5,4.5,.554,.499,1.6,2.3,.692,2.6,4.9,7.5,2.3,1.6,1.3,1.4,3.3,7.4
85,Toni Kukoč\kukocto01,SF,29,CHI,74,52,30.2,5.2,11.4,.455,0.9,2.4,.362,4.3,9.0,.480,.493,2.1,3.0,.708,1.6,2.8,4.4,4.2,1.0,0.5,2.1,2.0,13.3
86,Antonio McDyess\mcdyean01,PF,23,PHO,81,81,30.1,6.1,11.4,.536,0.0,0.0,.000,6.1,11.4,.537,.536,2.9,4.1,.702,2.5,5.0,7.6,1.3,1.2,1.7,1.8,3.6,15.1
87,Billy Owens\owensbi01,SF,28,SAC,78,78,30.1,4.3,9.3,.464,0.3,0.9,.371,4.0,8.4,.474,.482,1.5,2.5,.589,2.2,5.3,7.5,2.8,1.2,0.5,2.0,3.0,10.5
88,Bobby Jackson\jacksbo01,PG,24,DEN,68,53,30.0,4.6,11.6,.392,0.3,1.2,.259,4.3,10.4,.407,.405,2.2,2.7,.814,1.1,3.3,4.4,4.7,1.5,0.2,2.7,2.4,11.6
89,Lorenzen Wright\wrighlo02,C,22,LAC,69,38,30.0,3.5,7.9,.445,0.0,0.0,.000,3.5,7.8,.446,.445,2.0,3.1,.659,2.6,6.2,8.8,0.8,0.8,1.3,1.2,3.4,9.0
90,Theo Ratliff\ratlith01,C,24,TOT,82,67,29.8,3.7,7.3,.513,0.0,0.0,,3.7,7.3,.513,.513,2.4,3.4,.701,2.7,4.0,6.7,0.7,0.6,3.1,1.4,3.6,9.9
91,Joe Smith\smithjo02,PF,22,TOT,79,55,29.7,5.9,13.5,.434,0.0,0.1,.000,5.9,13.4,.437,.434,2.9,3.7,.775,2.5,3.4,6.0,1.2,0.8,0.6,2.0,3.3,14.6
92,Otis Thorpe\thorpot01,PF,35,TOT,74,66,29.7,4.0,8.4,.471,0.0,0.1,.000,4.0,8.4,.475,.471,2.2,3.2,.683,2.0,5.2,7.3,3.0,0.6,0.4,2.1,3.2,10.2
93,Clifford Robinson\robincl02,SF,31,PHO,80,64,29.5,5.4,11.2,.479,0.3,1.1,.321,5.0,10.1,.496,.494,3.1,4.5,.689,1.9,3.2,5.1,2.1,1.2,1.1,1.8,3.1,14.2
94,Hubert Davis\davishu01,SG,27,DAL,81,30,29.4,4.3,9.5,.456,1.2,2.8,.439,3.1,6.6,.464,.522,1.2,1.4,.836,0.4,1.7,2.1,1.9,0.5,0.1,1.1,1.4,11.1
95,Mark Jackson\jacksma01,PG,32,IND,82,82,29.4,3.0,7.3,.416,0.5,1.7,.314,2.5,5.6,.447,.452,1.7,2.2,.761,0.8,3.1,3.9,8.7,1.0,0.0,2.1,1.6,8.3
96,Anthony Johnson\johnsan02,PG,23,SAC,77,62,29.4,2.9,7.9,.371,0.5,1.7,.328,2.4,6.2,.383,.406,1.0,1.4,.727,0.7,1.6,2.2,4.3,0.8,0.1,1.6,2.4,7.5
97,Johnny Newman\newmajo01,SF,34,DEN,74,15,29.4,4.6,10.8,.431,0.5,1.4,.343,4.2,9.4,.444,.453,4.9,6.0,.820,0.7,1.2,1.9,1.9,1.0,0.3,2.0,2.8,14.7
98,Clarence Weatherspoon\weathcl01,PF,27,TOT,79,49,29.4,3.4,7.7,.441,0.0,0.0,,3.4,7.7,.441,.441,2.5,3.5,.722,2.5,5.0,7.5,1.1,1.1,0.9,1.5,2.5,9.3
99,Isaac Austin\austiis01,C,28,TOT,78,50,29.1,5.2,11.2,.466,0.0,0.1,.000,5.2,11.1,.470,.466,3.1,4.7,.669,2.6,4.6,7.1,2.2,0.8,0.7,2.6,3.0,13.5
100,Alan Henderson\hendeal01,PF,25,ATL,69,33,29.0,5.3,10.9,.485,0.0,0.1,.500,5.2,10.8,.485,.487,3.7,5.6,.652,2.9,3.5,6.4,1.1,0.6,0.5,1.6,2.5,14.3
101,Zydrunas Ilgauskas\ilgauzy01,C,22,CLE,82,81,29.0,5.5,10.7,.518,0.0,0.0,.250,5.5,10.6,.519,.519,2.8,3.7,.762,3.4,5.4,8.8,0.9,0.6,1.6,1.8,3.5,13.9
102,John Wallace\wallajo01,SF,23,TOR,82,36,28.8,5.7,11.9,.478,0.0,0.0,.500,5.7,11.9,.478,.479,2.6,3.6,.717,1.4,3.1,4.5,1.3,0.8,1.2,2.1,2.9,14.0
103,Rik Smits\smitsri01,C,31,IND,73,69,28.6,7.0,14.2,.495,0.0,0.0,.000,7.0,14.2,.497,.495,2.6,3.3,.783,1.7,5.2,6.9,1.4,0.5,1.2,1.8,3.3,16.7
104,Walter McCarty\mccarwa01,SF,23,BOS,82,64,28.5,3.6,8.9,.404,0.7,2.1,.309,2.9,6.8,.434,.441,1.8,2.4,.742,1.7,2.7,4.4,2.2,1.3,0.5,1.7,3.3,9.6
105,Matt Maloney\malonma01,PG,26,HOU,78,78,28.4,3.1,7.5,.408,1.6,4.4,.364,1.4,3.1,.471,.515,0.8,1.0,.833,0.2,1.6,1.8,2.8,0.8,0.1,1.4,1.3,8.6
106,Dennis Scott\scottde01,SF,29,TOT,81,45,28.3,4.1,10.2,.397,1.5,4.2,.365,2.5,6.0,.420,.473,1.3,1.6,.808,0.6,2.5,3.0,1.9,0.7,0.5,1.3,1.9,11.0
107,Charlie Ward\wardch01,PG,27,NYK,82,82,28.3,2.9,6.3,.455,1.0,2.6,.377,1.9,3.7,.512,.534,1.1,1.4,.805,0.4,3.0,3.3,5.7,1.8,0.5,2.1,2.4,7.8
108,Darrick Martin\martida01,PG,26,LAC,82,63,28.0,3.4,8.9,.377,1.3,3.6,.365,2.0,5.3,.384,.450,2.2,2.6,.848,0.2,1.8,2.0,4.0,1.0,0.1,1.9,2.4,10.3
109,Dale Davis\davisda01,C,28,IND,78,78,27.9,3.5,6.4,.548,0.0,0.0,,3.5,6.4,.548,.548,1.0,2.2,.465,3.0,4.8,7.8,0.9,0.7,1.1,0.9,2.7,8.0
110,Ron Harper\harpero01,PG,34,CHI,82,82,27.9,3.6,8.1,.441,0.2,1.0,.190,3.4,7.1,.477,.453,2.0,2.6,.750,1.3,2.2,3.5,2.9,1.3,0.6,1.1,2.2,9.3
111,Ervin Johnson\johnser02,C,30,MIL,81,81,27.9,3.1,5.8,.537,0.0,0.0,,3.1,5.8,.537,.537,1.8,2.9,.601,3.0,5.5,8.5,0.7,1.0,2.0,1.4,4.0,8.0
112,Chauncey Billups\billuch01,PG,21,TOT,80,70,27.7,3.5,9.4,.374,1.3,4.1,.329,2.2,5.3,.408,.445,2.8,3.3,.850,0.8,1.6,2.4,3.9,1.3,0.1,2.2,2.2,11.2
113,Sam Mitchell\mitchsa01,SF,34,MIN,81,33,27.6,4.6,9.9,.464,0.2,0.5,.349,4.4,9.3,.470,.473,3.0,3.6,.832,1.5,3.3,4.8,1.3,0.8,0.3,0.8,2.5,12.3
114,Chris Mills\millsch01,SF,28,NYK,80,29,27.3,3.7,8.4,.433,0.5,1.7,.292,3.2,6.7,.468,.462,1.9,2.4,.804,1.5,3.6,5.1,1.7,0.6,0.4,1.3,2.7,9.7
115,Mario Elie\eliema01,SF,34,HOU,73,59,27.2,2.8,6.2,.452,0.8,2.6,.291,2.1,3.7,.566,.512,2.0,2.4,.833,0.5,1.6,2.1,3.0,1.1,0.1,1.4,1.6,8.4
116,Tracy Murray\murratr01,SF,26,WAS,82,12,27.2,5.5,12.3,.446,1.9,4.9,.392,3.5,7.4,.482,.524,2.2,2.5,.871,0.9,2.5,3.4,1.0,0.8,0.3,1.2,2.0,15.1
117,Jaren Jackson\jacksja01,SG,30,SAS,82,45,27.1,3.1,8.0,.394,1.4,3.6,.377,1.8,4.4,.409,.480,1.1,1.4,.797,0.7,1.9,2.6,1.9,0.7,0.1,1.3,2.7,8.8
118,Bryon Russell\russebr01,SF,27,UTA,82,7,27.1,2.8,6.4,.430,0.9,2.6,.341,1.9,3.8,.492,.500,2.6,3.4,.766,1.0,3.0,4.0,1.2,1.1,0.4,1.0,2.8,9.0
119,Anthony Goldwire\goldwan01,PG,26,DEN,82,32,27.0,3.3,7.8,.423,0.8,2.0,.384,2.5,5.8,.436,.472,1.8,2.3,.806,0.5,1.3,1.8,3.4,1.0,0.1,1.0,1.8,9.2
120,Dan Majerle\majerda01,SG,32,MIA,72,22,26.8,2.6,6.1,.419,1.5,4.1,.376,1.0,2.0,.507,.546,0.6,0.7,.784,0.7,3.1,3.7,2.2,0.9,0.2,0.9,1.9,7.2
121,Antonio Davis\davisan01,PF,29,IND,82,12,26.7,3.1,6.4,.481,0.0,0.0,.000,3.1,6.4,.484,.481,3.4,4.9,.696,2.3,4.5,6.8,0.7,0.5,0.9,1.3,2.9,9.6
122,John Starks\starkjo01,SG,32,NYK,82,10,26.7,4.5,11.5,.393,1.6,4.9,.327,3.0,6.7,.441,.461,2.3,2.9,.787,0.6,2.2,2.8,2.7,1.0,0.1,1.7,2.5,12.9
123,Chris Mullin*\mullich01,SF,34,IND,82,82,26.5,4.1,8.4,.481,1.3,3.0,.440,2.8,5.5,.503,.559,1.9,2.0,.939,0.5,2.6,3.0,2.3,1.2,0.5,1.4,2.3,11.3
124,Antonio Daniels\daniean01,SG,22,VAN,74,50,26.4,3.1,7.4,.416,0.1,0.7,.212,2.9,6.7,.438,.426,1.5,2.3,.659,0.3,1.6,1.9,4.5,0.7,0.1,2.2,1.2,7.8
125,Kobe Bryant\bryanko01,SG,19,LAL,79,1,26.0,4.9,11.6,.428,0.9,2.8,.341,4.0,8.8,.456,.469,4.6,5.8,.794,1.0,2.1,3.1,2.5,0.9,0.5,2.0,2.3,15.4
126,Armen Gilliam\gilliar01,PF,33,MIL,82,25,25.8,4.0,8.2,.484,0.0,0.0,.000,4.0,8.2,.487,.484,3.3,4.1,.802,1.8,3.6,5.4,1.3,0.8,0.5,1.8,2.2,11.2
127,Adam Keefe\keefead01,C,27,UTA,80,75,25.6,2.9,5.3,.540,0.0,0.0,,2.9,5.3,.540,.540,2.0,2.5,.810,2.2,3.2,5.5,1.1,0.7,0.3,0.9,2.2,7.8
128,Danny Manning\mannida01,PF,31,PHO,70,11,25.6,5.6,10.8,.516,0.0,0.1,.000,5.6,10.7,.521,.516,2.4,3.2,.739,1.6,4.0,5.6,2.0,1.0,0.7,1.4,2.9,13.5
129,Dale Ellis\ellisda01,SF,37,SEA,79,0,24.5,4.4,8.9,.497,1.6,3.5,.464,2.8,5.4,.519,.588,1.4,1.8,.782,0.6,1.7,2.3,1.1,0.8,0.1,0.9,1.6,11.8
130,Blue Edwards\edwarbl01,SG,32,VAN,81,20,24.3,4.0,9.2,.439,0.5,1.5,.333,3.5,7.7,.460,.466,2.2,2.7,.837,0.8,1.9,2.7,2.5,1.1,0.3,1.7,2.3,10.8
131,Michael Curry\currymi01,SG,29,MIL,82,27,24.1,2.4,5.1,.469,0.0,0.1,.444,2.3,5.0,.469,.474,1.8,2.1,.835,0.3,0.9,1.2,1.7,0.7,0.2,0.9,2.7,6.6
132,Dee Brown\brownde01,SG,29,TOT,72,12,23.9,3.4,7.8,.438,1.5,3.8,.399,1.9,4.0,.474,.534,0.8,1.0,.817,0.3,1.8,2.1,2.1,1.1,0.3,1.0,1.7,9.1
133,Khalid Reeves\reevekh01,PG,25,DAL,82,54,23.8,3.0,7.2,.418,0.7,1.9,.368,2.3,5.4,.435,.465,2.0,2.6,.775,0.7,1.6,2.3,2.8,1.0,0.1,1.6,2.4,8.7
134,Matt Geiger\geigema01,C,28,CHH,78,42,23.6,4.6,9.1,.505,0.0,0.1,.091,4.6,8.9,.511,.506,2.2,3.0,.712,2.5,4.2,6.7,1.0,0.9,1.1,1.4,2.4,11.3
135,Lee Mayberry\maybele01,PG,27,VAN,79,32,23.2,1.7,4.4,.375,0.8,2.3,.350,0.9,2.1,.402,.466,0.5,0.6,.745,0.2,1.2,1.4,4.4,0.8,0.1,1.4,2.1,4.6
136,Tim Thomas\thomati01,SF,20,PHI,77,48,23.1,4.0,8.9,.447,0.8,2.2,.363,3.2,6.7,.476,.493,2.2,3.0,.740,1.4,2.4,3.7,1.2,0.7,0.2,1.5,2.4,11.0
137,Terry Davis\daviste01,PF,30,WAS,74,66,23.0,1.7,3.5,.496,0.0,0.0,.000,1.7,3.4,.498,.496,0.9,1.6,.580,2.8,3.7,6.5,0.4,0.6,0.3,0.8,2.6,4.4
138,Danny Fortson\fortsda01,PF,21,DEN,80,23,22.6,3.5,7.6,.452,0.0,0.0,.333,3.4,7.6,.452,.453,3.3,4.2,.776,2.3,3.3,5.6,1.0,0.6,0.4,2.0,3.9,10.2
139,Aaron McKie\mckieaa01,SG-SF,25,TOT,81,32,22.4,1.7,4.7,.365,0.1,0.8,.190,1.6,3.9,.399,.381,0.5,0.7,.764,0.7,2.1,2.9,2.2,1.2,0.2,0.9,2.0,4.1
140,Elden Campbell\campbel01,PF,29,LAL,81,28,22.0,3.6,7.7,.463,0.0,0.0,.500,3.6,7.7,.463,.464,2.9,4.2,.693,1.8,3.9,5.6,1.0,0.4,1.3,1.4,2.6,10.1
141,Steve Nash*\nashst01,PG,23,PHO,76,9,21.9,3.5,7.7,.459,1.1,2.6,.415,2.5,5.1,.481,.528,1.0,1.1,.860,0.4,1.7,2.1,3.4,0.8,0.1,1.3,1.9,9.1
142,Tony Delk\delkto01,PG,24,TOT,77,9,21.8,4.1,10.4,.393,0.5,2.0,.268,3.5,8.3,.424,.420,1.4,2.0,.735,0.5,1.7,2.2,2.2,0.9,0.2,1.4,1.2,10.1
143,Terry Porter\portete01,PG,34,MIN,82,8,21.8,3.2,7.0,.449,1.1,2.8,.395,2.0,4.2,.485,.529,2.0,2.4,.856,0.5,1.6,2.0,3.3,0.8,0.2,1.3,1.3,9.5
144,Michael Stewart\stewami01,C,22,SAC,81,37,21.7,1.9,4.0,.480,0.0,0.0,,1.9,4.0,.480,.480,0.8,1.8,.458,2.4,4.2,6.6,0.8,0.4,2.4,1.0,3.1,4.6
145,Cherokee Parks\parksch02,C,25,MIN,79,43,21.6,2.8,5.7,.499,0.0,0.0,.000,2.8,5.7,.500,.499,1.4,2.1,.651,1.8,3.8,5.5,0.7,0.5,1.1,0.8,3.0,7.1
146,Elliot Perry\perryel01,PG,28,MIL,81,33,21.6,3.0,6.9,.430,0.2,0.6,.340,2.8,6.3,.438,.445,1.1,1.3,.844,0.3,1.1,1.3,2.8,1.1,0.0,1.6,1.6,7.3
147,Derek Fisher\fishede01,PG,23,LAL,82,36,21.5,2.0,4.6,.434,0.4,1.0,.383,1.6,3.6,.448,.475,1.4,1.9,.757,0.5,1.9,2.4,4.1,0.9,0.1,1.5,1.5,5.8
148,Malik Sealy\sealyma01,SF,27,DET,77,10,21.3,2.8,6.6,.428,0.1,0.5,.220,2.7,6.0,.446,.437,1.9,2.4,.824,0.6,2.2,2.8,1.3,0.8,0.3,1.0,2.0,7.7
149,Reggie Slater\slatere01,PF,27,TOR,78,28,21.3,2.7,5.9,.460,0.0,0.0,,2.7,5.9,.460,.460,2.6,4.1,.630,1.7,2.2,3.9,0.9,0.6,0.4,1.3,2.6,8.0
150,Maurice Taylor\tayloma01,PF,21,LAC,71,3,21.3,4.5,9.5,.476,0.0,0.0,.000,4.5,9.5,.476,.476,2.4,3.4,.709,1.7,2.5,4.2,0.7,0.5,0.6,1.5,3.1,11.5
151,Sherman Douglas\douglsh01,PG,31,NJN,80,11,21.2,3.2,6.4,.495,0.2,0.6,.304,3.0,5.9,.514,.509,1.4,2.2,.669,0.7,1.0,1.7,4.0,0.7,0.1,1.4,2.0,8.0
152,Dana Barros\barroda01,PG,30,BOS,80,15,21.1,3.5,7.6,.461,1.3,3.1,.407,2.3,4.5,.499,.544,1.5,1.8,.847,0.4,1.6,1.9,3.6,1.0,0.1,1.3,1.6,9.8
153,Howard Eisley\eisleho01,PG,25,UTA,82,18,21.0,2.8,6.3,.441,0.6,1.4,.407,2.2,4.9,.451,.487,1.5,1.8,.852,0.3,1.7,2.0,4.2,0.7,0.2,2.0,2.2,7.7
154,Olden Polynice\polynol01,C,33,SAC,70,25,20.8,3.6,7.7,.459,0.0,0.0,.000,3.6,7.7,.460,.459,0.7,1.6,.452,2.5,3.8,6.3,1.5,0.5,0.6,1.4,2.3,7.9
155,Jalen Rose\roseja01,SF,25,IND,82,0,20.8,3.5,7.4,.478,0.3,0.9,.342,3.2,6.5,.496,.498,2.0,2.8,.728,0.3,2.0,2.4,1.9,0.7,0.2,1.6,2.1,9.4
156,Sam Perkins\perkisa01,PF,36,SEA,81,0,20.7,2.4,5.8,.416,1.1,2.7,.392,1.3,3.1,.438,.508,1.2,1.6,.789,0.7,2.5,3.1,1.4,0.8,0.4,0.8,2.0,7.2
157,Stacey Augmon\augmost01,SG,29,POR,71,23,20.4,2.2,5.2,.414,0.0,0.1,.143,2.2,5.1,.419,.415,1.3,2.2,.603,1.5,1.8,3.3,1.2,0.8,0.5,1.1,2.0,5.7
158,Travis Knight\knightr01,C,23,BOS,74,21,20.3,2.6,5.9,.441,0.2,0.7,.273,2.4,5.2,.465,.458,1.1,1.4,.786,2.0,3.0,4.9,1.4,0.7,1.1,1.2,3.4,6.5
159,Eddie Johnson\johnsed03,SF,38,HOU,75,1,19.9,3.0,7.3,.417,0.9,2.6,.333,2.1,4.6,.465,.478,1.5,1.8,.831,0.7,1.4,2.0,1.2,0.4,0.0,0.8,1.2,8.4
160,Shandon Anderson\andersh01,SG,24,UTA,82,2,19.5,3.3,6.1,.538,0.1,0.4,.219,3.2,5.7,.560,.545,1.7,2.3,.735,1.0,1.7,2.8,1.1,0.8,0.2,1.1,1.8,8.3
161,Travis Best\besttr01,PG,25,IND,82,0,18.9,2.5,5.9,.419,0.3,0.9,.300,2.2,5.0,.439,.441,1.4,1.6,.855,0.3,1.1,1.5,3.4,1.0,0.1,1.4,2.4,6.5
162,Will Perdue\perduwi01,C,32,SAS,79,30,18.9,2.1,3.7,.549,0.0,0.0,.000,2.1,3.7,.551,.549,0.9,1.7,.526,2.2,4.5,6.8,0.7,0.3,0.6,1.0,1.7,5.0
163,Andrew DeClercq\declean01,C,24,BOS,81,49,18.8,2.1,4.2,.497,0.0,0.0,.000,2.1,4.2,.499,.497,1.2,2.1,.601,2.2,2.6,4.8,0.7,1.0,0.6,1.0,3.4,5.4
164,Hot Rod Williams\williho01,C,35,PHO,71,30,18.8,1.3,2.8,.470,0.0,0.0,,1.3,2.8,.470,.470,0.9,1.3,.699,1.5,2.9,4.4,0.7,0.5,0.8,0.4,1.9,3.6
165,Greg Foster\fostegr01,C,29,UTA,78,49,18.5,2.4,5.4,.445,0.0,0.1,.222,2.4,5.2,.450,.447,0.9,1.1,.770,1.1,2.4,3.5,0.7,0.2,0.4,0.9,2.4,5.7
166,Brent Price\pricebr01,PG,29,HOU,72,2,18.5,1.8,4.3,.413,1.0,2.6,.390,0.8,1.7,.447,.531,1.1,1.4,.786,0.5,1.0,1.5,2.7,0.7,0.1,1.5,2.3,5.6
167,Terry Dehere\deherte01,PG,26,SAC,77,18,18.3,2.3,5.9,.399,0.6,1.7,.379,1.7,4.1,.408,.455,1.0,1.3,.798,0.3,1.1,1.4,2.5,0.7,0.1,1.2,1.9,6.4
168,Monty Williams\willimo01,SF,26,SAS,72,16,18.3,2.3,5.1,.448,0.0,0.0,.500,2.3,5.1,.448,.450,1.7,2.5,.670,0.9,1.6,2.5,1.2,0.5,0.3,1.1,1.8,6.3
169,George Lynch\lynchge01,SF,27,VAN,82,0,18.2,3.0,6.3,.481,0.1,0.4,.300,2.9,5.9,.492,.489,1.4,1.9,.703,1.8,2.6,4.4,1.5,0.8,0.5,1.3,2.0,7.5
170,Stanley Roberts\roberst01,C,27,MIN,74,44,17.9,2.6,5.2,.495,0.0,0.0,,2.6,5.2,.495,.495,1.0,2.1,.481,1.5,3.4,4.9,0.4,0.3,1.0,0.9,3.1,6.2
171,Jason Caffey\caffeja01,PF,24,TOT,80,14,17.8,2.8,5.8,.485,0.0,0.0,.000,2.8,5.8,.487,.485,1.6,2.5,.655,2.0,2.3,4.3,0.8,0.3,0.3,1.3,2.3,7.3
172,Vitaly Potapenko\potapvi01,C,22,CLE,80,0,17.7,2.9,6.1,.480,0.0,0.0,.000,2.9,6.1,.480,.480,1.3,1.8,.708,1.4,2.5,3.9,0.7,0.3,0.4,1.7,2.5,7.1
173,James Robinson\robinja02,PG,27,LAC,70,13,17.6,2.8,7.2,.389,1.1,3.2,.329,1.7,3.9,.438,.463,1.1,1.5,.720,0.5,1.1,1.6,1.9,0.5,0.1,1.4,1.4,7.7
174,Gerald Wilkins\wilkige01,SG,34,ORL,72,16,17.4,2.0,6.0,.325,0.4,1.5,.266,1.6,4.5,.345,.358,1.0,1.4,.704,0.2,1.0,1.3,1.1,0.5,0.1,1.1,1.1,5.3
175,Pete Chilcutt\chilcpe01,PF,29,VAN,82,0,17.3,1.9,4.4,.435,0.7,1.6,.415,1.2,2.8,.445,.510,0.5,0.7,.661,0.9,2.8,3.7,1.3,0.6,0.5,0.8,1.9,4.9
176,Danny Schayes\schayda01,C,38,ORL,74,33,17.2,2.1,5.0,.418,0.0,0.0,,2.1,5.0,.418,.418,1.3,1.6,.807,1.3,2.0,3.3,0.6,0.5,0.4,0.8,2.5,5.5
177,Eric Murdock\murdoer01,PG,29,MIA,82,1,17.0,2.2,5.1,.422,0.3,1.1,.308,1.8,4.0,.454,.456,1.5,1.9,.801,0.5,1.4,1.9,2.7,1.3,0.2,1.3,2.1,6.2
178,Jerome Williams\willije01,PF,24,DET,77,3,16.9,2.0,3.7,.524,0.0,0.0,.000,2.0,3.7,.526,.524,1.4,2.2,.651,2.2,2.7,4.9,0.6,0.7,0.1,0.8,1.9,5.3
179,Randy Brown\brownra02,PG,29,CHI,71,6,16.2,1.6,4.3,.384,0.0,0.1,.000,1.6,4.2,.391,.384,0.8,1.1,.718,0.5,0.8,1.3,2.1,1.0,0.2,0.9,1.7,4.1
180,Terry Cummings\cummite01,PF,36,TOT,74,3,16.0,2.7,5.8,.467,0.0,0.0,.000,2.7,5.8,.468,.467,0.9,1.3,.684,1.3,2.5,3.8,0.6,0.5,0.1,0.7,2.4,6.3
181,Mark Bryant\bryanma01,C,32,PHO,70,22,15.9,1.6,3.2,.484,0.0,0.0,.000,1.6,3.2,.487,.484,1.0,1.4,.768,1.3,2.2,3.5,0.7,0.5,0.2,0.8,2.6,4.2
182,Chucky Brown\brownch01,SF,29,ATL,77,8,15.6,2.1,4.8,.433,0.0,0.1,.250,2.1,4.7,.437,.435,0.8,1.1,.724,0.7,1.6,2.4,0.7,0.3,0.2,0.7,1.3,5.0
183,Jim McIlvaine\mcilvji01,C,25,SEA,78,72,15.5,1.3,2.9,.453,0.0,0.0,.000,1.3,2.8,.459,.453,0.6,1.0,.556,1.2,2.1,3.3,0.2,0.3,1.8,0.7,3.1,3.2
184,Michael Cage\cagemi01,C,36,NJN,79,17,15.2,0.5,1.1,.512,0.0,0.0,.000,0.5,1.1,.518,.512,0.3,0.5,.556,1.5,2.4,3.9,0.4,0.6,0.6,0.3,1.3,1.3
185,Corie Blount\blounco01,PF,29,LAL,70,3,14.7,1.5,2.7,.572,0.0,0.1,.000,1.5,2.6,.585,.572,0.6,1.1,.500,1.6,2.6,4.3,0.5,0.4,0.4,0.7,2.2,3.6
186,David Benoit\benoida01,SF,29,TOT,77,0,14.6,2.0,5.3,.373,0.7,2.2,.324,1.3,3.1,.408,.440,0.8,1.0,.824,0.8,1.9,2.6,0.3,0.5,0.3,0.7,2.0,5.5
187,J.R. Reid\reidjr01,PF,29,CHH,79,1,14.0,1.8,4.0,.459,0.0,0.1,.375,1.8,3.9,.461,.464,1.1,1.5,.730,0.9,1.7,2.7,0.6,0.4,0.2,0.8,2.2,4.9
188,Scott Burrell\burresc01,SF,27,CHI,80,3,13.7,2.0,4.7,.424,0.6,1.8,.354,1.4,2.9,.468,.492,0.6,0.8,.734,1.0,1.5,2.5,0.8,0.8,0.5,0.6,1.6,5.2
189,Kelvin Cato\catoke01,C,23,POR,74,8,13.6,1.3,3.1,.428,0.0,0.0,.000,1.3,3.1,.434,.428,1.2,1.7,.688,1.2,2.2,3.4,0.3,0.4,1.3,0.6,2.2,3.8
190,Chris Whitney\whitnch01,PG,26,WAS,82,6,13.1,1.5,4.3,.355,0.6,2.1,.308,0.9,2.3,.398,.428,1.4,1.6,.915,0.2,1.2,1.4,2.4,0.4,0.1,0.8,1.3,5.1
191,Greg Anthony\anthogr01,PG,30,SEA,80,0,12.8,1.9,4.4,.430,0.8,2.0,.415,1.1,2.4,.442,.524,0.7,1.0,.663,0.2,1.2,1.4,2.6,0.8,0.0,1.1,1.2,5.2
192,Mark Davis\davisma02,SF,24,PHI,71,12,12.8,1.5,3.4,.447,0.0,0.1,.000,1.5,3.4,.458,.447,0.9,1.4,.634,0.9,1.3,2.2,1.0,0.7,0.3,1.3,1.3,4.0
193,Brian Evans\evansbr01,SF,24,TOT,72,1,12.4,1.7,4.3,.394,0.4,1.2,.333,1.3,3.1,.418,.441,0.6,0.8,.807,0.7,1.2,1.9,0.8,0.4,0.2,0.5,1.4,4.5
194,Darvin Ham\hamda01,SF,24,WAS,71,3,8.9,0.8,1.5,.529,0.0,0.0,,0.8,1.5,.529,.529,0.5,1.0,.473,1.0,0.8,1.8,0.2,0.3,0.4,0.5,1.7,2.0
195,Jud Buechler\buechju01,SF,29,CHI,74,0,8.2,1.1,2.4,.483,0.3,0.9,.385,0.8,1.5,.541,.554,0.0,0.1,.500,0.3,0.7,1.0,0.7,0.3,0.2,0.3,0.6,2.7