Rk,Player,Pos,Age,Tm,G,GS,MP,FG,FGA,FG%,3P,3PA,3P%,2P,2PA,2P%,eFG%,FT,FTA,FT%,ORB,DRB,TRB,AST,STL,BLK,TOV,PF,PTS
1,Carmelo Anthony\anthoca01,PF,29,NYK,77,77,38.7,9.6,21.3,.452,2.2,5.4,.402,7.5,15.9,.469,.503,6.0,7.0,.848,1.9,6.2,8.1,3.1,1.2,0.7,2.6,2.9,27.4
2,Jimmy Butler\butleji01,SG,24,CHI,67,67,38.7,4.1,10.3,.397,1.0,3.6,.283,3.1,6.8,.457,.446,3.9,5.0,.769,1.3,3.6,4.9,2.6,1.9,0.5,1.5,1.6,13.1
3,Kevin Durant\duranke01,SF,25,OKC,81,81,38.5,10.5,20.8,.503,2.4,6.1,.391,8.1,14.8,.549,.560,8.7,9.9,.873,0.7,6.7,7.4,5.5,1.3,0.7,3.5,2.1,32.0
4,DeMar DeRozan\derozde01,SG,24,TOR,79,79,38.2,7.6,17.8,.429,0.8,2.7,.305,6.8,15.2,.451,.452,6.6,8.0,.824,0.6,3.7,4.3,4.0,1.1,0.4,2.2,2.5,22.7
5,James Harden\hardeja01,SG,24,HOU,73,73,38.0,7.5,16.5,.456,2.4,6.6,.366,5.1,9.9,.515,.529,7.9,9.1,.866,0.8,3.9,4.7,6.1,1.6,0.4,3.6,2.4,25.4
6,LeBron James\jamesle01,PF,29,MIA,77,77,37.7,10.0,17.6,.567,1.5,4.0,.379,8.5,13.6,.622,.610,5.7,7.6,.750,1.1,5.9,6.9,6.3,1.6,0.3,3.5,1.6,27.1
7,Chandler Parsons\parsoch01,SF,25,HOU,74,74,37.6,6.3,13.3,.472,1.8,4.7,.370,4.5,8.6,.528,.538,2.2,3.0,.742,0.9,4.6,5.5,4.0,1.2,0.4,1.9,2.3,16.6
8,Monta Ellis\ellismo01,SG,28,DAL,82,82,36.9,7.0,15.6,.451,0.8,2.5,.330,6.2,13.0,.474,.478,4.1,5.2,.788,0.5,3.1,3.6,5.7,1.7,0.3,3.2,2.4,19.0
9,Stephen Curry\curryst01,PG,25,GSW,78,78,36.5,8.4,17.7,.471,3.3,7.9,.424,5.0,9.8,.509,.566,3.9,4.5,.885,0.6,3.7,4.3,8.5,1.6,0.2,3.8,2.5,24.0
10,Gordon Hayward\haywago01,SF,23,UTA,77,77,36.4,5.5,13.4,.413,1.1,3.6,.304,4.4,9.8,.453,.454,4.0,4.9,.816,0.8,4.3,5.1,5.2,1.4,0.5,2.8,2.0,16.2
11,Kevin Love\loveke01,PF,25,MIN,77,77,36.3,8.4,18.5,.457,2.5,6.6,.376,6.0,11.9,.502,.524,6.8,8.2,.821,2.9,9.6,12.5,4.4,0.8,0.5,2.5,1.8,26.1
12,John Wall\walljo01,PG,23,WAS,82,82,36.3,7.1,16.3,.433,1.3,3.8,.351,5.7,12.5,.458,.473,3.9,4.8,.805,0.5,3.6,4.1,8.8,1.8,0.5,3.6,2.7,19.3
13,LaMarcus Aldridge\aldrila01,PF,28,POR,69,69,36.2,9.4,20.6,.458,0.0,0.2,.200,9.4,20.4,.461,.459,4.3,5.2,.822,2.4,8.7,11.1,2.6,0.9,1.0,1.8,2.1,23.2
14,Paul George\georgpa01,SF,23,IND,80,80,36.2,7.2,17.0,.424,2.3,6.3,.364,4.9,10.8,.458,.490,5.0,5.8,.864,0.8,6.0,6.8,3.5,1.9,0.3,2.8,2.5,21.7
15,Kyle Lowry\lowryky01,PG,27,TOR,79,79,36.2,5.8,13.7,.423,2.4,6.3,.380,3.4,7.3,.460,.511,4.0,4.9,.813,1.1,3.6,4.7,7.4,1.5,0.2,2.5,3.4,17.9
16,Nicolas Batum\batumni01,SF,25,POR,82,82,36.0,4.6,10.0,.465,1.8,4.9,.361,2.9,5.1,.566,.554,2.0,2.5,.803,1.4,6.0,7.5,5.1,0.9,0.7,2.5,1.9,13.0
17,Blake Griffin\griffbl01,PF,24,LAC,80,80,35.8,9.0,17.0,.528,0.2,0.6,.273,8.8,16.4,.537,.533,6.0,8.4,.715,2.4,7.1,9.5,3.9,1.2,0.6,2.8,3.3,24.1
18,Ty Lawson\lawsoty01,PG,26,DEN,62,61,35.8,5.6,13.0,.431,1.2,3.3,.356,4.4,9.7,.455,.475,5.2,6.5,.798,0.6,2.8,3.5,8.8,1.6,0.2,3.2,1.8,17.6
19,Damian Lillard\lillada01,PG,23,POR,82,82,35.8,6.7,15.9,.424,2.7,6.8,.394,4.1,9.1,.447,.508,4.5,5.2,.871,0.4,3.1,3.5,5.6,0.8,0.3,2.4,2.4,20.7
20,Kemba Walker\walkeke02,PG,23,CHA,73,73,35.8,6.2,15.7,.393,1.5,4.5,.333,4.7,11.2,.417,.441,3.9,4.6,.837,0.5,3.7,4.2,6.1,1.2,0.4,2.3,1.8,17.7
21,Josh Smith\smithjo03,SF,28,DET,77,76,35.5,6.7,16.0,.419,0.9,3.4,.264,5.8,12.6,.462,.448,2.1,3.9,.532,1.3,5.4,6.8,3.3,1.4,1.4,2.6,2.6,16.4
22,Trevor Ariza\arizatr01,SF,28,WAS,77,77,35.4,5.1,11.1,.456,2.3,5.7,.407,2.7,5.3,.509,.562,1.9,2.5,.772,1.3,4.9,6.2,2.5,1.6,0.3,1.7,2.3,14.4
23,Klay Thompson\thompkl01,SG,23,GSW,81,81,35.4,6.9,15.5,.444,2.8,6.6,.417,4.1,8.9,.464,.533,1.8,2.3,.795,0.5,2.6,3.1,2.2,0.9,0.5,1.7,2.9,18.4
24,Joakim Noah\noahjo01,C,28,CHI,80,80,35.3,4.8,10.0,.475,0.0,0.0,.000,4.8,10.0,.476,.475,3.1,4.2,.737,3.5,7.7,11.3,5.4,1.2,1.5,2.4,3.1,12.6
25,Lance Stephenson\stephla01,SG,23,IND,78,78,35.3,5.5,11.2,.491,1.1,3.1,.352,4.4,8.0,.545,.540,1.8,2.5,.711,1.2,5.9,7.2,4.6,0.7,0.1,2.7,2.5,13.8
26,Anthony Davis\davisan02,PF,20,NOP,67,66,35.2,7.8,15.0,.519,0.0,0.1,.222,7.8,14.9,.522,.520,5.2,6.6,.791,3.1,7.0,10.0,1.6,1.3,2.8,1.6,3.0,20.8
27,Kyrie Irving\irvinky01,PG,21,CLE,71,71,35.2,7.5,17.4,.430,1.7,4.8,.358,5.8,12.6,.458,.480,4.1,4.8,.861,0.7,2.9,3.6,6.1,1.5,0.3,2.7,2.3,20.8
28,Luol Deng\denglu01,SF,28,TOT,63,63,35.1,5.9,13.7,.431,0.9,3.0,.302,5.0,10.7,.468,.465,3.4,4.3,.791,1.6,4.2,5.7,2.9,1.0,0.1,1.8,1.8,16.0
29,Goran Dragić\dragigo01,SG,27,PHO,76,75,35.1,7.3,14.4,.505,1.6,3.9,.408,5.7,10.4,.542,.561,4.2,5.5,.760,0.9,2.3,3.2,5.9,1.4,0.3,2.8,2.7,20.3
30,Arron Afflalo\afflaar01,SG,28,ORL,73,73,35.0,6.4,13.8,.459,1.8,4.1,.427,4.6,9.7,.473,.522,3.8,4.6,.815,0.4,3.2,3.6,3.4,0.5,0.0,2.0,1.9,18.2
31,Al Jefferson\jeffeal01,C,29,CHA,73,73,35.0,9.6,18.8,.509,0.0,0.2,.200,9.5,18.6,.512,.510,2.6,3.8,.690,2.1,8.7,10.8,2.1,0.9,1.1,1.7,2.4,21.8
32,DeAndre Jordan\jordade01,C,25,LAC,82,82,35.0,4.2,6.3,.676,0.0,0.0,,4.2,6.3,.676,.676,2.0,4.6,.428,4.0,9.5,13.6,0.9,1.0,2.5,1.5,3.2,10.4
33,Chris Paul\paulch01,PG,28,LAC,62,62,35.0,6.5,14.0,.467,1.3,3.4,.368,5.3,10.6,.498,.511,4.8,5.6,.855,0.6,3.7,4.3,10.7,2.5,0.1,2.3,2.5,19.1
34,Bradley Beal\bealbr01,SG,20,WAS,73,73,34.7,6.6,15.7,.419,1.9,4.7,.402,4.7,11.0,.426,.479,2.0,2.6,.788,0.7,3.0,3.7,3.3,1.0,0.2,1.8,2.1,17.1
35,Rudy Gay\gayru01,SF,27,TOT,73,73,34.7,7.4,16.2,.455,0.9,2.7,.330,6.5,13.5,.481,.483,4.4,5.3,.822,1.5,4.4,6.0,2.9,1.3,0.8,3.1,2.3,20.0
36,Isaiah Thomas\thomais02,PG,24,SAC,72,54,34.7,6.9,15.2,.453,1.8,5.1,.349,5.1,10.2,.504,.510,4.8,5.7,.850,0.7,2.3,2.9,6.3,1.3,0.1,3.0,2.6,20.3
37,Michael Carter-Williams\cartemi01,PG,22,PHI,70,70,34.5,6.1,15.1,.405,0.8,3.0,.264,5.3,12.1,.440,.431,3.7,5.2,.703,1.4,4.8,6.2,6.3,1.9,0.6,3.5,3.0,16.7
38,Thaddeus Young\youngth01,PF,25,PHI,79,78,34.4,7.4,16.2,.454,1.1,3.7,.308,6.2,12.5,.496,.489,2.1,2.9,.712,2.1,3.9,6.0,2.3,2.1,0.5,2.1,2.7,17.9
39,Jeff Green\greenje02,SF,27,BOS,82,82,34.2,5.9,14.3,.412,1.6,4.8,.341,4.2,9.5,.448,.469,3.5,4.3,.795,0.7,4.0,4.6,1.7,0.7,0.6,2.0,2.2,16.9
40,Zach Randolph\randoza01,PF,32,MEM,79,79,34.2,7.1,15.2,.467,0.0,0.3,.100,7.1,14.9,.474,.468,3.2,4.3,.742,3.4,6.7,10.1,2.5,0.7,0.3,2.3,2.7,17.4
41,Brandon Jennings\jennibr01,PG,24,DET,80,79,34.1,5.3,14.2,.373,1.9,5.7,.337,3.4,8.5,.397,.441,3.0,4.0,.751,0.7,2.3,3.1,7.6,1.3,0.1,2.7,2.0,15.5
42,Kyle Korver\korveky01,SG,32,ATL,71,71,33.9,4.1,8.6,.475,2.6,5.5,.472,1.5,3.1,.479,.626,1.2,1.3,.926,0.3,3.7,4.0,2.9,1.0,0.3,1.4,2.1,12.0
43,Wesley Matthews\matthwe02,SG,27,POR,82,82,33.9,5.4,12.3,.441,2.5,6.2,.393,3.0,6.1,.490,.541,3.1,3.7,.837,0.6,2.9,3.5,2.4,0.9,0.2,1.3,2.1,16.4
44,Dwight Howard\howardw01,C,28,HOU,71,71,33.7,6.7,11.3,.591,0.0,0.1,.286,6.6,11.2,.594,.593,4.9,9.0,.547,3.3,8.9,12.2,1.8,0.8,1.8,3.2,3.4,18.3
45,Mike Conley\conlemi01,PG,26,MEM,73,73,33.5,6.3,14.1,.450,1.4,4.0,.361,4.9,10.1,.484,.500,3.1,3.8,.815,0.6,2.4,2.9,6.0,1.5,0.2,2.1,1.9,17.2
46,Paul Millsap\millspa01,PF,28,ATL,74,73,33.5,6.5,14.1,.461,1.0,2.9,.358,5.5,11.3,.487,.498,3.9,5.3,.731,2.1,6.4,8.5,3.1,1.7,1.1,2.5,2.8,17.9
47,Marc Gasol\gasolma01,C,29,MEM,59,59,33.4,5.7,12.1,.473,0.0,0.2,.182,5.7,11.9,.477,.474,3.1,4.1,.768,1.4,5.8,7.2,3.6,1.0,1.3,1.9,2.5,14.6
48,Brandon Knight\knighbr03,PG,22,MIL,72,69,33.3,6.4,15.2,.422,1.5,4.7,.325,4.9,10.5,.466,.473,3.6,4.5,.802,0.6,2.9,3.5,4.9,1.0,0.2,2.6,2.0,17.9
49,David Lee\leeda02,PF,30,GSW,69,67,33.2,7.4,14.2,.523,0.0,0.0,.000,7.4,14.2,.523,.523,3.3,4.3,.780,2.6,6.7,9.3,2.1,0.7,0.4,2.2,3.0,18.2
50,Jodie Meeks\meeksjo01,SG,26,LAL,77,70,33.2,5.4,11.6,.463,2.1,5.2,.401,3.3,6.3,.514,.554,2.9,3.4,.857,0.4,2.1,2.5,1.8,1.4,0.1,1.4,1.5,15.7
51,Serge Ibaka\ibakase01,PF,24,OKC,81,81,32.9,6.5,12.1,.536,0.3,0.7,.383,6.2,11.3,.546,.548,1.9,2.5,.784,2.8,6.0,8.8,1.0,0.5,2.7,1.5,2.9,15.1
52,Dirk Nowitzki\nowitdi01,PF,35,DAL,80,80,32.9,7.9,15.9,.497,1.6,4.1,.398,6.3,11.8,.532,.549,4.2,4.7,.899,0.5,5.7,6.2,2.7,0.9,0.6,1.5,2.1,21.7
53,Marcin Gortat\gortama01,C,29,WAS,81,80,32.8,5.6,10.4,.542,0.0,0.0,1.000,5.6,10.4,.541,.542,1.9,2.8,.686,2.5,7.0,9.5,1.7,0.5,1.5,1.6,2.5,13.2
54,Greg Monroe\monrogr01,PF,23,DET,82,82,32.8,6.1,12.4,.497,0.0,0.0,.000,6.1,12.4,.497,.497,2.9,4.5,.657,3.1,6.1,9.3,2.1,1.1,0.6,2.0,2.5,15.2
55,J.R. Smith\smithjr01,SF,28,NYK,74,37,32.7,5.4,12.9,.415,2.6,6.5,.394,2.8,6.4,.436,.514,1.2,1.9,.652,0.5,3.5,4.0,3.0,0.9,0.3,1.5,2.6,14.5
56,Joe Johnson\johnsjo02,SG,32,BRK,79,79,32.6,5.8,12.9,.454,2.1,5.1,.401,3.8,7.8,.489,.533,2.0,2.5,.815,0.6,2.8,3.4,2.7,0.6,0.1,1.5,1.6,15.8
57,DeMarcus Cousins\couside01,C,23,SAC,71,71,32.4,8.3,16.8,.496,0.0,0.1,.000,8.3,16.7,.499,.496,6.1,8.4,.726,3.1,8.6,11.7,2.9,1.5,1.3,3.5,3.8,22.7
58,Andre Iguodala\iguodan01,SF,30,GSW,63,63,32.4,3.5,7.3,.480,1.0,2.8,.354,2.5,4.5,.558,.548,1.4,2.1,.652,0.8,3.8,4.7,4.2,1.5,0.3,1.6,1.6,9.3
59,Trey Burke\burketr01,PG,21,UTA,70,68,32.3,4.9,12.8,.380,1.6,4.8,.330,3.3,8.0,.410,.442,1.5,1.6,.903,0.5,2.4,3.0,5.7,0.6,0.1,1.9,2.1,12.8
60,Andre Drummond\drumman01,C,20,DET,81,81,32.3,5.9,9.5,.623,0.0,0.0,.000,5.9,9.5,.625,.623,1.7,4.0,.418,5.4,7.8,13.2,0.4,1.2,1.6,1.4,3.4,13.5
61,Corey Brewer\breweco01,SF,27,MIN,81,81,32.2,4.8,10.0,.481,0.7,2.6,.280,4.1,7.4,.552,.517,2.0,2.8,.718,0.8,1.8,2.6,1.7,1.9,0.4,1.3,2.6,12.3
62,Ricky Rubio\rubiori01,PG,23,MIN,82,82,32.2,3.1,8.2,.381,0.5,1.6,.331,2.6,6.5,.393,.413,2.8,3.5,.802,0.7,3.4,4.2,8.6,2.3,0.1,2.7,2.7,9.5
63,Jeff Teague\teaguje01,PG,25,ATL,79,79,32.2,5.8,13.2,.438,0.9,2.8,.329,4.8,10.3,.469,.474,4.0,4.8,.846,0.4,2.2,2.6,6.7,1.1,0.2,2.9,2.0,16.5
64,Deron Williams\willide01,PG,29,BRK,64,58,32.2,5.0,11.2,.450,1.5,4.2,.366,3.5,7.0,.500,.518,2.7,3.4,.801,0.2,2.4,2.6,6.1,1.5,0.2,2.2,2.3,14.3
65,DeMarre Carroll\carrode01,SF,27,ATL,73,73,32.1,4.1,8.8,.470,1.3,3.7,.362,2.8,5.1,.548,.546,1.5,1.9,.773,1.5,4.1,5.5,1.8,1.5,0.3,1.1,2.6,11.1
66,Eric Gordon\gordoer01,SG,25,NOP,64,64,32.1,5.6,12.8,.436,1.6,4.0,.391,4.0,8.7,.456,.498,2.7,3.5,.785,0.5,2.1,2.6,3.3,1.2,0.2,2.1,1.8,15.4
67,Chris Bosh\boshch01,C,29,MIA,79,79,32.0,6.2,12.1,.516,0.9,2.8,.339,5.3,9.3,.569,.555,2.8,3.4,.820,1.2,5.4,6.6,1.1,1.0,1.0,1.6,2.4,16.2
68,Gerald Henderson\hendege02,SG,26,CHA,77,77,32.0,5.2,12.1,.433,0.5,1.5,.348,4.7,10.6,.445,.455,3.1,4.0,.761,0.4,3.6,4.0,2.6,0.7,0.4,1.5,2.1,14.0
69,George Hill\hillge01,PG,27,IND,76,76,32.0,3.6,8.1,.442,1.3,3.4,.365,2.3,4.7,.497,.519,1.9,2.3,.807,0.7,3.0,3.7,3.5,1.0,0.3,1.2,2.1,10.3
70,Kevin Martin\martike02,SG,30,MIN,68,68,32.0,6.5,15.0,.430,1.7,4.4,.387,4.8,10.7,.448,.486,4.5,5.0,.891,0.5,2.5,3.0,1.8,1.0,0.1,1.6,1.8,19.1
71,Jameer Nelson\nelsoja01,PG,31,ORL,68,68,32.0,4.3,11.0,.394,2.0,5.8,.348,2.3,5.2,.444,.485,1.4,1.6,.857,0.4,3.0,3.4,7.0,0.8,0.1,2.4,2.1,12.1
72,Robin Lopez\lopezro01,C,25,POR,82,82,31.7,4.3,7.9,.551,0.0,0.0,.000,4.3,7.8,.552,.551,2.4,3.0,.818,4.0,4.6,8.5,0.9,0.3,1.7,1.0,2.4,11.1
73,Shawn Marion\mariosh01,SF,35,DAL,76,76,31.7,4.5,9.3,.482,0.8,2.1,.358,3.7,7.2,.518,.523,0.7,0.9,.785,1.7,4.8,6.5,1.6,1.2,0.5,1.3,1.6,10.4
74,Tristan Thompson\thomptr01,PF,22,CLE,82,82,31.6,4.4,9.3,.477,0.0,0.0,.000,4.4,9.3,.478,.477,2.9,4.1,.693,3.3,5.9,9.2,0.9,0.5,0.4,1.3,2.3,11.7
75,Mike Dunleavy\dunlemi02,SF,33,CHI,82,61,31.5,4.1,9.4,.430,1.5,4.0,.380,2.6,5.5,.467,.510,1.7,2.0,.854,0.6,3.6,4.2,2.3,0.8,0.6,1.3,2.0,11.3
76,Pau Gasol\gasolpa01,C,33,LAL,60,60,31.4,7.1,14.8,.480,0.1,0.2,.286,7.0,14.5,.483,.482,3.1,4.2,.736,2.1,7.6,9.7,3.4,0.5,1.5,2.4,2.1,17.4
77,Wilson Chandler\chandwi01,SF,26,DEN,62,55,31.1,5.0,11.9,.416,2.0,5.7,.348,3.0,6.2,.478,.499,1.8,2.5,.724,0.9,3.8,4.7,1.8,0.7,0.5,1.3,3.1,13.6
78,Victor Oladipo\oladivi01,PG,21,ORL,80,44,31.1,4.9,11.7,.419,0.9,2.8,.327,4.0,8.9,.448,.458,3.1,4.0,.780,0.5,3.6,4.1,4.1,1.6,0.5,3.2,2.6,13.8
79,Raymond Felton\feltora01,PG,29,NYK,65,65,31.0,3.7,9.4,.395,1.0,3.0,.318,2.7,6.4,.431,.446,1.4,1.9,.721,0.8,2.2,3.0,5.6,1.2,0.4,2.0,2.4,9.7
80,Avery Bradley\bradlav01,SG,23,BOS,60,58,30.9,6.0,13.8,.438,1.3,3.3,.395,4.7,10.4,.451,.485,1.5,1.9,.804,0.8,3.0,3.8,1.4,1.1,0.2,1.6,2.4,14.9
81,Spencer Hawes\hawessp01,C,25,TOT,80,78,30.9,5.0,11.0,.456,1.6,3.9,.416,3.4,7.2,.478,.529,1.5,1.9,.783,1.6,6.6,8.3,3.0,0.6,1.2,2.2,3.0,13.2
82,David West\westda01,PF,33,IND,80,80,30.9,5.7,11.7,.488,0.1,0.2,.267,5.7,11.6,.491,.490,2.5,3.1,.789,1.5,5.3,6.8,2.8,0.8,0.9,1.7,2.3,14.0
83,Randy Foye\foyera01,SG,30,DEN,81,78,30.7,4.5,10.8,.413,2.3,6.1,.380,2.1,4.7,.456,.521,1.9,2.3,.849,0.4,2.4,2.9,3.5,0.8,0.5,1.8,2.5,13.2
84,P.J. Tucker\tuckepj01,SF,28,PHO,81,81,30.7,3.3,7.6,.431,0.9,2.4,.387,2.4,5.2,.450,.491,1.9,2.5,.776,2.0,4.5,6.5,1.7,1.4,0.3,1.3,2.5,9.4
85,José Calderón\caldejo01,PG,32,DAL,81,81,30.5,4.2,9.2,.456,2.4,5.2,.449,1.9,4.0,.464,.584,0.6,0.8,.825,0.4,2.0,2.4,4.7,0.9,0.1,1.3,1.7,11.4
86,Jamal Crawford\crawfja01,SG,33,LAC,69,24,30.3,6.1,14.7,.416,2.3,6.5,.361,3.8,8.2,.460,.496,4.0,4.7,.866,0.5,1.8,2.3,3.2,0.9,0.2,2.0,1.7,18.6
87,Tobias Harris\harrito02,PF,21,ORL,61,36,30.3,5.4,11.7,.464,0.5,2.1,.254,4.9,9.7,.508,.486,3.2,4.0,.807,1.4,5.5,7.0,1.3,0.7,0.4,1.3,2.3,14.6
88,Josh McRoberts\mcrobjo01,PF,26,CHA,78,78,30.3,3.2,7.3,.436,1.3,3.7,.361,1.8,3.5,.516,.529,0.8,1.1,.729,1.1,3.7,4.8,4.3,0.7,0.6,1.1,2.4,8.5
89,Evan Turner\turneev01,SF,25,TOT,81,56,30.3,5.4,12.6,.425,0.6,1.9,.321,4.7,10.7,.444,.450,2.6,3.2,.813,0.8,4.3,5.0,3.2,0.8,0.1,2.3,2.4,14.0
90,Derrick Favors\favorde01,PF,22,UTA,73,73,30.2,5.3,10.2,.522,0.0,0.0,.000,5.3,10.2,.523,.522,2.6,3.9,.669,2.7,6.0,8.7,1.2,1.0,1.5,1.8,3.2,13.3
91,Khris Middleton\middlkh01,SF,22,MIL,82,64,30.0,4.6,10.4,.440,1.5,3.5,.414,3.1,6.9,.454,.511,1.4,1.7,.861,0.7,3.0,3.8,2.1,1.0,0.2,1.5,3.0,12.1
92,Mario Chalmers\chalmma01,PG,27,MIA,73,73,29.8,3.5,7.7,.454,1.2,3.1,.385,2.3,4.6,.500,.531,1.7,2.2,.742,0.6,2.4,2.9,4.9,1.6,0.2,2.2,2.9,9.8
93,Roy Hibbert\hibbero01,C,27,IND,81,81,29.7,4.1,9.3,.439,0.0,0.1,.400,4.1,9.2,.439,.440,2.6,3.3,.770,2.5,4.1,6.6,1.1,0.4,2.2,1.8,3.3,10.8
94,Dion Waiters\waitedi01,SG,22,CLE,70,24,29.6,6.1,14.2,.433,1.3,3.6,.368,4.8,10.6,.455,.479,2.3,3.4,.685,0.5,2.3,2.8,3.0,0.9,0.2,2.2,2.2,15.9
95,Tony Parker\parketo01,PG,31,SAS,68,68,29.4,6.7,13.4,.499,0.4,1.0,.373,6.3,12.5,.509,.513,2.9,3.6,.811,0.3,2.0,2.3,5.7,0.5,0.1,2.2,1.3,16.7
96,Tim Duncan\duncati01,C,37,SAS,74,74,29.2,6.0,12.2,.490,0.0,0.1,.000,6.0,12.2,.493,.490,3.1,4.3,.731,2.1,7.6,9.7,3.0,0.6,1.9,2.1,1.8,15.1
97,Kawhi Leonard\leonaka01,SF,22,SAS,66,65,29.1,5.1,9.8,.522,1.0,2.8,.379,4.1,7.0,.579,.576,1.5,1.9,.802,1.2,5.1,6.2,2.0,1.7,0.8,1.2,1.9,12.8
98,Kirk Hinrich\hinriki01,PG,33,CHI,73,61,29.0,3.3,8.5,.393,1.2,3.3,.351,2.2,5.2,.419,.461,1.3,1.7,.760,0.4,2.2,2.6,3.9,1.1,0.4,1.6,2.8,9.1
99,James Anderson\anderja01,SG,24,PHI,80,62,28.9,3.9,9.0,.431,1.4,4.4,.328,2.4,4.6,.530,.511,1.0,1.3,.726,0.7,3.0,3.8,1.9,0.9,0.4,1.3,1.9,10.1
100,Jeremy Lin\linje01,PG,25,HOU,71,33,28.9,4.2,9.3,.446,1.2,3.2,.358,3.0,6.1,.492,.508,3.1,3.7,.823,0.5,2.2,2.6,4.1,1.0,0.4,2.5,2.3,12.5
101,Amir Johnson\johnsam01,PF,26,TOR,77,72,28.8,4.5,7.9,.562,0.3,0.9,.303,4.2,7.1,.593,.578,1.2,1.9,.636,2.2,4.3,6.6,1.5,0.7,1.1,1.6,3.5,10.4
102,Taj Gibson\gibsota01,PF,28,CHI,82,8,28.7,5.2,10.9,.479,0.0,0.1,.000,5.2,10.8,.483,.479,2.6,3.4,.751,2.4,4.4,6.8,1.1,0.5,1.4,1.8,2.5,13.0
103,Reggie Jackson\jacksre01,PG,23,OKC,80,36,28.5,5.0,11.5,.440,1.0,3.1,.339,4.0,8.4,.477,.485,2.0,2.2,.893,0.5,3.4,3.9,4.1,1.1,0.1,2.1,1.8,13.1
104,Kyle Singler\singlky01,SF,25,DET,82,36,28.5,3.3,7.3,.447,1.1,3.0,.382,2.1,4.3,.492,.525,1.9,2.2,.826,1.4,2.3,3.7,0.9,0.7,0.5,1.0,2.6,9.6
105,Gerald Green\greenge01,SG,28,PHO,82,48,28.4,5.5,12.3,.445,2.5,6.2,.400,3.0,6.0,.492,.547,2.4,2.8,.848,0.6,2.8,3.4,1.5,0.9,0.5,1.8,2.7,15.8
106,Wesley Johnson\johnswe01,SF,26,LAL,79,62,28.4,3.5,8.2,.425,1.3,3.4,.369,2.2,4.8,.466,.502,0.8,1.0,.792,0.9,3.5,4.4,1.6,1.1,1.0,1.1,2.6,9.1
107,Harrison Barnes\barneha02,SF,21,GSW,78,24,28.3,3.5,8.7,.399,0.8,2.4,.347,2.6,6.3,.419,.448,1.7,2.3,.718,0.8,3.1,4.0,1.5,0.8,0.3,1.1,2.0,9.5
108,Nick Young\youngni01,SG,28,LAL,64,9,28.3,6.0,13.9,.435,2.1,5.5,.386,3.9,8.4,.468,.511,3.7,4.5,.825,0.5,2.1,2.6,1.5,0.7,0.2,1.5,2.4,17.9
109,Carlos Boozer\boozeca01,PF,32,CHI,76,76,28.2,5.9,12.9,.456,0.0,0.0,.000,5.9,12.9,.457,.456,1.9,2.5,.767,1.8,6.5,8.3,1.6,0.7,0.3,2.0,2.8,13.7
110,Tyreke Evans\evansty01,SF,24,NOP,72,22,28.2,5.4,12.5,.436,0.3,1.3,.221,5.1,11.1,.461,.448,3.3,4.3,.771,1.1,3.7,4.7,5.0,1.2,0.3,2.4,2.2,14.5
111,Channing Frye\fryech01,PF,30,PHO,82,82,28.2,4.1,9.5,.432,2.0,5.3,.370,2.1,4.2,.509,.535,1.0,1.2,.821,0.9,4.2,5.1,1.2,0.7,0.8,1.1,3.0,11.1
112,Jarrett Jack\jackja01,PG,30,CLE,80,31,28.2,3.6,8.7,.410,0.8,2.3,.341,2.8,6.4,.435,.455,1.6,1.9,.839,0.3,2.5,2.8,4.1,0.7,0.3,1.7,1.7,9.5
113,Jonas Valančiūnas\valanjo01,C,21,TOR,81,81,28.2,4.4,8.3,.531,0.0,0.0,.000,4.4,8.3,.532,.531,2.4,3.2,.762,2.8,6.0,8.8,0.7,0.3,0.9,1.7,3.1,11.3
114,Alec Burks\burksal01,SG,22,UTA,78,12,28.1,4.9,10.7,.457,0.6,1.8,.350,4.2,8.8,.480,.487,3.6,4.8,.748,0.8,2.5,3.3,2.7,0.9,0.2,1.9,2.4,14.0
115,Paul Pierce\piercpa01,SF,36,BRK,75,68,28.0,4.3,9.5,.451,1.5,4.0,.373,2.8,5.5,.507,.529,3.4,4.1,.826,0.3,4.3,4.6,2.4,1.1,0.4,2.0,2.5,13.5
116,Anderson Varejão\varejan01,C,31,CLE,65,29,27.7,3.5,7.1,.495,0.0,0.1,.000,3.5,7.0,.502,.495,1.4,2.1,.681,2.9,6.8,9.7,2.2,1.1,0.6,1.1,2.5,8.4
117,Martell Webster\webstma02,SF,27,WAS,78,13,27.7,3.3,7.5,.433,1.9,4.8,.392,1.4,2.8,.502,.557,1.3,1.6,.840,0.5,2.4,2.8,1.2,0.5,0.2,0.7,1.9,9.7
118,Brandon Bass\bassbr01,PF,28,BOS,82,73,27.6,4.3,8.8,.486,0.0,0.1,.333,4.3,8.8,.487,.487,2.5,2.9,.858,2.0,3.8,5.7,1.1,0.4,0.9,1.2,2.3,11.1
119,Jared Sullinger\sullija01,PF,21,BOS,74,44,27.6,5.2,12.1,.427,0.8,2.8,.269,4.4,9.3,.475,.458,2.1,2.7,.778,3.3,4.9,8.1,1.6,0.5,0.7,1.6,3.4,13.3
120,Matt Barnes\barnema02,SF,33,LAC,63,40,27.5,3.7,8.4,.438,1.5,4.5,.343,2.1,3.9,.549,.530,1.0,1.4,.733,1.0,3.7,4.6,2.0,0.9,0.4,1.3,2.9,9.9
121,D.J. Augustin\augusdj01,PG,26,TOT,71,9,27.3,4.2,10.1,.415,1.9,4.7,.401,2.3,5.4,.427,.508,2.8,3.2,.885,0.2,1.6,1.8,4.4,0.7,0.0,1.8,2.1,13.1
122,Terrence Jones\joneste01,PF,22,HOU,76,71,27.3,5.1,9.4,.542,0.4,1.3,.307,4.7,8.0,.581,.564,1.6,2.6,.605,2.1,4.8,6.9,1.1,0.7,1.3,0.9,1.8,12.1
123,Kenneth Faried\farieke01,PF,24,DEN,80,77,27.2,5.6,10.3,.545,0.0,0.0,.000,5.6,10.2,.547,.545,2.5,3.9,.650,3.0,5.6,8.6,1.2,0.9,0.9,1.7,2.4,13.7
124,Richard Jefferson\jefferi01,SF,33,UTA,82,78,27.0,3.6,8.0,.450,1.5,3.7,.409,2.1,4.3,.484,.544,1.5,2.0,.741,0.2,2.5,2.7,1.6,0.7,0.2,1.1,2.0,10.1
125,J.J. Hickson\hicksjj01,PF,25,DEN,69,52,26.9,4.8,9.5,.508,0.0,0.1,.000,4.8,9.4,.514,.508,2.2,4.2,.517,3.0,6.2,9.2,1.4,0.7,0.7,1.9,2.6,11.8
126,Enes Kanter\kanteen01,C,21,UTA,80,37,26.7,5.2,10.7,.491,0.0,0.0,.000,5.2,10.7,.492,.491,1.9,2.6,.730,2.8,4.7,7.5,0.9,0.4,0.5,1.8,2.9,12.3
127,Ben McLemore\mclembe01,SG,20,SAC,82,55,26.7,3.1,8.3,.376,1.2,3.6,.320,2.0,4.7,.419,.446,1.4,1.7,.804,0.6,2.2,2.9,1.0,0.5,0.2,1.2,2.5,8.8
128,Terrence Ross\rosste01,SG,22,TOR,81,62,26.7,3.9,9.3,.423,2.0,5.0,.395,1.9,4.2,.458,.531,1.0,1.2,.837,0.5,2.6,3.1,1.0,0.8,0.3,1.1,2.3,10.9
129,Ramon Sessions\sessira01,PG,27,TOT,83,19,26.7,4.0,9.3,.429,0.4,1.5,.282,3.6,7.8,.457,.452,3.9,4.9,.807,0.5,2.0,2.4,4.1,0.6,0.1,1.8,1.1,12.3
130,Rodney Stuckey\stuckro01,SG,27,DET,73,5,26.7,5.1,11.7,.436,0.3,1.2,.273,4.8,10.5,.455,.450,3.3,4.0,.836,0.5,1.8,2.3,2.1,0.7,0.1,1.7,1.8,13.9
131,Markieff Morris\morrima02,PF,24,PHO,81,0,26.6,5.1,10.4,.486,0.4,1.3,.315,4.7,9.1,.512,.507,3.2,4.0,.792,1.7,4.3,6.0,1.8,0.8,0.6,1.8,2.9,13.8
132,Ray Allen*\allenra02,SG,38,MIA,73,9,26.5,3.3,7.4,.442,1.6,4.2,.375,1.7,3.2,.530,.549,1.4,1.6,.905,0.3,2.5,2.8,2.0,0.7,0.1,1.2,1.6,9.6
133,John Henson\hensojo01,PF,23,MIL,70,23,26.5,4.9,9.1,.538,0.0,0.0,.000,4.9,9.1,.539,.538,1.3,2.5,.514,2.4,4.7,7.1,1.6,0.6,1.7,1.6,2.6,11.1
134,Iman Shumpert\shumpim01,SG,23,NYK,74,58,26.5,2.5,6.5,.378,1.0,3.1,.333,1.4,3.5,.418,.457,0.7,1.0,.746,1.1,3.1,4.2,1.7,1.2,0.2,1.1,2.8,6.7
135,Andrew Bogut\bogutan01,C,29,GSW,67,67,26.4,3.5,5.6,.627,0.0,0.0,,3.5,5.6,.627,.627,0.3,1.0,.344,2.7,7.3,10.0,1.7,0.7,1.8,1.4,3.1,7.3
136,Shaun Livingston\livinsh01,PG,28,BRK,76,54,26.0,3.1,6.4,.483,0.0,0.1,.167,3.1,6.3,.486,.484,2.1,2.5,.827,0.9,2.4,3.2,3.2,1.2,0.4,1.4,2.3,8.3
137,Thabo Sefolosha\sefolth01,SG,29,OKC,61,61,26.0,2.3,5.6,.415,0.8,2.5,.316,1.5,3.1,.495,.485,0.9,1.1,.768,0.8,2.8,3.6,1.5,1.3,0.3,0.9,1.5,6.3
138,Darren Collison\collida01,PG,26,LAC,80,35,25.9,4.1,8.7,.467,0.9,2.4,.376,3.2,6.3,.501,.518,2.4,2.8,.857,0.6,1.8,2.4,3.7,1.2,0.2,1.7,1.9,11.4
139,Al-Farouq Aminu\aminual01,SF,23,NOP,80,65,25.6,2.9,6.2,.474,0.2,0.6,.271,2.8,5.6,.496,.487,1.1,1.7,.664,1.6,4.6,6.2,1.4,1.0,0.5,1.1,1.8,7.2
140,Tayshaun Prince\princta01,SF,33,MEM,76,76,25.6,2.6,6.5,.407,0.3,0.9,.290,2.4,5.6,.426,.427,0.4,0.8,.567,0.4,2.7,3.1,1.6,0.5,0.3,0.5,0.8,6.0
141,Marvin Williams\willima02,PF,27,UTA,66,50,25.4,3.5,8.0,.439,1.3,3.5,.359,2.2,4.4,.503,.519,0.9,1.1,.781,1.2,3.8,5.1,1.2,0.8,0.5,0.8,2.3,9.1
142,Marco Belinelli\belinma01,SF,27,SAS,80,25,25.2,4.2,8.7,.485,1.6,3.7,.430,2.6,5.0,.525,.576,1.4,1.6,.847,0.2,2.6,2.8,2.2,0.6,0.1,1.2,1.6,11.4
143,Boris Diaw\diawbo01,PF,31,SAS,79,24,25.0,3.8,7.3,.521,0.6,1.4,.402,3.3,5.9,.549,.559,0.9,1.2,.739,0.9,3.2,4.1,2.8,0.6,0.4,1.5,1.8,9.1
144,Courtney Lee\leeco01,SG,28,TOT,79,47,25.0,3.7,7.8,.480,0.9,2.5,.371,2.8,5.3,.531,.539,1.3,1.4,.884,0.4,2.0,2.4,1.5,0.8,0.4,0.9,1.6,9.6
145,Mo Williams\willima01,PG,31,POR,74,0,24.8,3.8,9.1,.417,1.1,3.0,.369,2.7,6.0,.441,.478,1.1,1.2,.876,0.6,1.5,2.1,4.3,0.7,0.1,2.0,2.7,9.7
146,Giannis Antetokounmpo\antetgi01,SF,19,MIL,77,23,24.6,2.2,5.4,.414,0.5,1.5,.347,1.7,3.9,.440,.463,1.8,2.6,.683,1.0,3.4,4.4,1.9,0.8,0.8,1.6,2.2,6.8
147,Norris Cole\coleno01,PG,25,MIA,82,6,24.6,2.5,6.1,.414,0.7,2.1,.345,1.8,4.0,.451,.474,0.6,0.8,.779,0.2,1.7,2.0,3.0,0.9,0.1,1.5,1.9,6.4
148,Miles Plumlee\plumlmi01,C,25,PHO,80,79,24.6,3.6,6.9,.517,0.0,0.0,,3.6,6.9,.517,.517,0.9,1.7,.561,2.5,5.4,7.8,0.5,0.6,1.1,1.4,2.3,8.1
149,Jason Thompson\thompja02,PF,27,SAC,82,61,24.5,3.1,6.0,.506,0.0,0.0,,3.1,6.0,.506,.506,1.0,1.8,.579,1.9,4.6,6.4,0.6,0.4,0.7,1.2,3.1,7.1
150,Tony Wroten\wroteto01,PG,20,PHI,72,16,24.5,4.8,11.2,.427,0.6,2.6,.213,4.2,8.6,.492,.452,2.9,4.5,.641,1.0,2.2,3.2,3.0,1.1,0.2,2.8,2.1,13.0
151,Vince Carter\cartevi01,SG,37,DAL,81,0,24.4,4.1,10.0,.407,1.8,4.6,.394,2.3,5.4,.418,.497,2.0,2.4,.821,0.8,2.7,3.5,2.6,0.8,0.4,1.3,2.6,11.9
152,Glen Davis\davisgl01,PF,28,TOT,68,44,24.4,4.0,8.7,.457,0.1,0.2,.364,3.9,8.6,.459,.460,1.4,2.0,.693,1.6,3.6,5.2,1.1,0.9,0.4,1.1,2.3,9.4
153,Maurice Harkless\harklma01,SF,20,ORL,80,41,24.4,2.8,6.0,.464,0.7,1.9,.383,2.1,4.1,.502,.525,1.1,1.8,.594,0.9,2.4,3.3,1.0,1.2,0.6,1.1,1.8,7.4
154,Gerald Wallace\wallage01,SF,31,BOS,58,16,24.4,2.0,4.0,.504,0.3,1.1,.297,1.7,2.9,.584,.546,0.8,1.7,.465,0.6,3.0,3.7,2.5,1.3,0.2,1.7,1.4,5.1
155,Danny Green\greenda02,SG,26,SAS,68,59,24.3,3.2,7.4,.432,1.9,4.7,.415,1.3,2.8,.460,.562,0.7,0.9,.794,0.4,3.0,3.4,1.5,1.0,0.9,1.1,1.6,9.1
156,Michael Kidd-Gilchrist\kiddgmi01,SF,20,CHA,62,62,24.2,2.7,5.7,.473,0.0,0.1,.111,2.7,5.5,.483,.475,1.8,3.0,.614,1.8,3.5,5.2,0.8,0.7,0.6,1.0,2.3,7.2
157,Marcus Thornton\thornma01,SG,26,TOT,72,27,24.2,3.5,8.9,.394,1.5,4.4,.345,2.0,4.5,.443,.480,1.3,1.6,.804,0.8,2.0,2.8,1.1,0.8,0.2,0.9,1.5,9.8
158,Lou Williams\willilo02,PG,27,ATL,60,7,24.1,3.3,8.2,.400,1.3,3.9,.342,2.0,4.4,.450,.480,2.5,3.0,.849,0.2,1.9,2.1,3.5,0.8,0.1,1.5,1.1,10.4
159,Patrick Patterson\pattepa01,PF,24,TOT,65,13,23.6,3.5,7.5,.460,0.8,2.3,.364,2.6,5.2,.503,.516,0.8,1.1,.704,1.8,3.5,5.3,1.2,0.8,0.6,1.0,2.4,8.5
160,Jerryd Bayless\bayleje01,PG,25,TOT,72,19,23.4,3.4,8.6,.402,1.1,2.9,.358,2.4,5.6,.425,.464,1.3,1.6,.797,0.3,1.7,2.0,2.7,0.8,0.1,1.1,2.2,9.3
161,Jared Dudley\dudleja01,SF,28,LAC,74,43,23.4,2.6,6.0,.438,1.1,3.0,.360,1.6,3.0,.518,.529,0.5,0.8,.655,0.5,1.7,2.2,1.4,0.6,0.1,0.8,2.0,6.9
162,Derrick Williams\willide02,SF-PF,22,TOT,78,15,23.3,2.6,6.2,.427,0.3,1.3,.263,2.3,4.9,.470,.454,2.4,3.3,.718,0.9,3.2,4.1,0.7,0.6,0.3,1.0,1.5,8.0
163,Brian Roberts\roberbr01,PG,28,NOP,72,42,23.2,3.4,8.1,.420,0.9,2.5,.360,2.5,5.6,.447,.475,1.7,1.8,.940,0.2,1.7,1.9,3.3,0.6,0.1,1.3,1.8,9.4
164,Tim Hardaway\hardati02,SG,21,NYK,81,1,23.1,3.6,8.5,.428,1.6,4.4,.363,2.0,4.1,.498,.523,1.3,1.6,.828,0.2,1.3,1.5,0.8,0.5,0.1,0.6,1.8,10.2
165,Jordan Crawford\crawfjo02,SG-PG,25,TOT,81,35,23.0,4.0,9.7,.415,1.1,3.5,.316,2.9,6.2,.471,.472,1.8,2.1,.864,0.3,1.9,2.3,3.5,0.6,0.1,1.7,1.5,11.0
166,Manu Ginóbili\ginobma01,SG,36,SAS,68,3,22.8,4.3,9.2,.469,1.3,3.8,.349,3.0,5.4,.553,.541,2.4,2.8,.851,0.4,2.5,3.0,4.3,1.0,0.3,2.0,1.9,12.3
167,Alan Anderson\anderal01,SF,31,BRK,78,26,22.7,2.5,6.2,.400,1.1,3.2,.339,1.4,3.0,.464,.487,1.2,1.5,.780,0.5,1.7,2.2,1.0,0.6,0.1,0.8,1.9,7.2
168,Amar'e Stoudemire\stoudam01,C,31,NYK,65,21,22.6,4.8,8.6,.557,0.0,0.0,,4.8,8.6,.557,.557,2.3,3.1,.739,1.7,3.2,4.9,0.5,0.4,0.6,1.4,2.4,11.9
169,Hollis Thompson\thompho01,SF,22,PHI,77,41,22.6,2.2,4.8,.460,0.9,2.2,.401,1.4,2.7,.507,.550,0.7,0.9,.712,0.9,2.3,3.2,0.9,0.7,0.2,0.8,1.9,6.0
170,Nate Wolters\woltena01,PG,22,MIL,58,31,22.6,2.9,6.7,.437,0.3,1.1,.290,2.6,5.6,.465,.460,1.0,1.6,.656,0.6,2.0,2.6,3.2,0.6,0.3,1.0,1.2,7.2
171,Greivis Vásquez\vasqugr01,SG-PG,27,TOT,79,23,22.5,3.5,8.3,.421,1.4,3.7,.377,2.1,4.7,.455,.504,1.2,1.4,.880,0.3,1.9,2.2,4.1,0.4,0.1,1.6,1.8,9.6
172,Andray Blatche\blatcan01,PF,27,BRK,73,7,22.2,4.4,9.2,.476,0.2,0.7,.278,4.2,8.5,.494,.487,2.2,3.0,.742,1.6,3.7,5.3,1.5,1.0,0.5,1.5,2.3,11.2
173,Ryan Kelly\kellyry01,PF,22,LAL,59,25,22.2,2.7,6.3,.423,0.8,2.4,.338,1.8,3.9,.476,.488,1.9,2.3,.815,0.7,3.0,3.7,1.6,0.5,0.8,0.8,2.5,8.0
174,John Salmons\salmojo01,SG-SF,34,TOT,78,8,22.1,1.9,5.3,.363,0.8,2.1,.387,1.1,3.2,.348,.439,0.5,0.7,.769,0.3,1.8,2.1,1.9,0.6,0.2,0.7,1.6,5.2
175,Marcus Morris\morrima03,SF,24,PHO,82,1,22.0,3.5,7.9,.442,1.2,3.2,.381,2.3,4.8,.483,.518,1.5,1.9,.761,1.0,2.9,3.9,1.1,0.9,0.2,1.2,1.9,9.7
176,Draymond Green\greendr01,SF,23,GSW,82,12,21.9,2.3,5.6,.407,0.7,2.0,.333,1.6,3.6,.449,.467,1.0,1.5,.667,1.0,3.9,5.0,1.9,1.2,0.9,1.1,2.8,6.2
177,Trevor Booker\booketr01,PF,26,WAS,72,45,21.6,3.1,5.6,.551,0.0,0.0,.000,3.1,5.6,.554,.551,0.7,1.1,.618,2.1,3.2,5.3,0.9,0.6,0.6,0.8,1.8,6.8
178,Aaron Brooks\brookaa01,PG,29,TOT,72,12,21.6,3.2,8.1,.401,1.3,3.4,.387,1.9,4.6,.411,.484,1.2,1.3,.874,0.6,1.3,1.9,3.2,0.7,0.2,1.6,2.0,9.0
179,Timofey Mozgov\mozgoti01,C,27,DEN,82,30,21.6,3.5,6.6,.523,0.0,0.3,.167,3.4,6.4,.539,.527,2.4,3.2,.754,2.1,4.4,6.4,0.8,0.3,1.2,1.5,2.6,9.4
180,Tiago Splitter\splitti01,C,29,SAS,59,50,21.5,3.1,5.9,.523,0.0,0.1,.000,3.1,5.8,.528,.523,2.1,2.9,.699,2.1,4.1,6.2,1.5,0.5,0.5,1.3,2.0,8.2
181,Jordan Hill\hilljo01,PF,26,LAL,72,32,20.8,4.0,7.2,.549,0.0,0.0,.000,4.0,7.2,.550,.549,1.7,2.5,.685,2.7,4.7,7.4,0.8,0.4,0.9,1.0,2.4,9.7
182,Mike Miller\millemi01,SF,33,MEM,82,4,20.8,2.6,5.4,.481,1.3,2.8,.459,1.3,2.6,.505,.602,0.6,0.7,.821,0.4,2.2,2.5,1.6,0.3,0.1,0.9,1.2,7.1
183,Shelvin Mack\macksh01,PG,23,ATL,73,11,20.4,2.9,6.9,.417,0.8,2.5,.337,2.0,4.3,.464,.479,0.9,1.0,.865,0.3,1.9,2.2,3.7,0.7,0.0,1.2,1.4,7.5
184,Anthony Tolliver\tollian01,PF,28,CHA,64,9,20.3,2.0,4.8,.420,1.6,3.9,.413,0.4,0.9,.450,.586,0.5,0.6,.805,0.5,2.1,2.6,0.7,0.3,0.2,0.4,1.3,6.1
185,Dante Cunningham\cunnida01,PF,26,MIN,81,7,20.2,2.9,6.3,.464,0.0,0.1,.000,2.9,6.2,.468,.464,0.5,0.8,.567,1.4,2.7,4.1,1.0,0.8,0.7,0.5,1.8,6.3
186,Samuel Dalembert\dalemsa01,C,32,DAL,80,68,20.2,2.7,4.7,.568,0.0,0.0,.000,2.7,4.7,.569,.568,1.3,1.7,.737,2.5,4.3,6.8,0.5,0.5,1.2,1.1,2.6,6.6
187,Shane Battier\battish01,SF,35,MIA,73,56,20.1,1.4,3.8,.382,1.0,2.9,.348,0.4,0.9,.492,.515,0.2,0.3,.652,0.5,1.4,1.9,0.9,0.7,0.5,0.3,1.7,4.1
188,Kelly Olynyk\olynyke01,C,22,BOS,70,9,20.0,3.3,7.2,.466,0.6,1.6,.351,2.8,5.5,.500,.506,1.4,1.7,.811,2.0,3.2,5.2,1.6,0.5,0.4,1.5,3.2,8.7
189,Kris Humphries\humphkr01,PF,28,BOS,69,30,19.9,3.3,6.7,.501,0.0,0.0,.000,3.3,6.7,.503,.501,1.7,2.1,.813,1.8,4.1,5.9,1.0,0.4,0.9,0.9,2.0,8.4
190,Kentavious Caldwell-Pope\caldwke01,SG,20,DET,80,41,19.8,2.3,5.8,.396,0.7,2.3,.319,1.5,3.4,.447,.460,0.6,0.8,.770,0.5,1.5,2.0,0.7,0.9,0.2,0.4,1.8,5.9
191,Evan Fournier\fournev01,SG,21,DEN,76,4,19.8,3.0,7.2,.419,1.2,3.1,.376,1.8,4.0,.453,.501,1.2,1.6,.756,0.4,2.2,2.7,1.5,0.4,0.1,1.3,2.4,8.4
192,Jeremy Lamb\lambje01,SG,21,OKC,78,0,19.7,3.4,7.8,.432,1.1,3.2,.356,2.2,4.6,.483,.504,0.7,0.8,.797,0.3,2.1,2.4,1.5,0.7,0.3,0.8,1.8,8.5
193,Kendrick Perkins\perkike01,C,29,OKC,62,62,19.5,1.4,3.1,.451,0.0,0.0,.000,1.4,3.1,.453,.451,0.6,1.1,.552,1.3,3.6,4.9,1.1,0.4,0.5,1.5,2.9,3.4
194,Chris Andersen\anderch01,C,35,MIA,72,0,19.4,2.5,3.8,.644,0.0,0.2,.250,2.4,3.7,.662,.649,1.7,2.3,.710,1.8,3.5,5.3,0.3,0.4,1.3,0.7,2.3,6.6
195,Elton Brand\brandel01,C,34,ATL,73,15,19.4,2.5,4.5,.539,0.0,0.0,.000,2.5,4.5,.542,.539,0.8,1.3,.649,1.3,3.6,4.9,1.0,0.5,1.2,0.8,2.6,5.7
196,Pablo Prigioni\prigipa01,PG,36,NYK,66,27,19.4,1.3,2.9,.461,1.0,2.1,.464,0.3,0.8,.451,.631,0.2,0.2,.917,0.5,1.4,2.0,3.5,1.0,0.0,0.9,2.0,3.8
197,Austin Rivers\riverau01,PG,21,NOP,69,4,19.4,2.8,6.9,.405,0.5,1.4,.364,2.3,5.4,.416,.443,1.6,2.5,.636,0.4,1.5,1.9,2.3,0.7,0.1,1.1,1.9,7.7
198,Mirza Teletović\teletmi01,SF,28,BRK,72,7,19.4,3.1,7.3,.418,1.9,4.8,.390,1.2,2.5,.472,.546,0.6,0.9,.710,0.8,2.9,3.7,0.8,0.4,0.3,0.8,2.0,8.6
199,E'Twaun Moore\mooreet01,SG,24,ORL,79,3,19.1,2.5,5.8,.428,0.7,2.0,.354,1.7,3.7,.468,.490,0.7,0.9,.765,0.4,1.4,1.7,1.4,0.8,0.2,0.7,1.3,6.3
200,Patty Mills\millspa02,PG,25,SAS,81,2,18.9,3.8,8.2,.464,1.7,3.9,.425,2.1,4.3,.500,.565,0.9,1.0,.890,0.4,1.7,2.1,1.8,0.8,0.1,0.8,1.4,10.2
201,C.J. Watson\watsocj01,PG,29,IND,63,5,18.9,2.3,5.3,.437,0.8,2.3,.366,1.5,3.0,.492,.516,1.1,1.4,.784,0.3,1.3,1.6,1.7,1.0,0.1,1.0,1.0,6.6
202,Anthony Morrow\morroan01,SG,28,NOP,76,9,18.8,3.1,6.8,.458,1.2,2.6,.451,2.0,4.3,.462,.542,0.9,1.1,.828,0.4,1.5,1.8,0.8,0.5,0.2,0.7,1.3,8.4
203,Luke Ridnour\ridnolu01,PG,32,TOT,61,14,18.7,2.1,5.4,.385,0.6,1.8,.343,1.5,3.6,.406,.442,0.3,0.4,.654,0.4,1.2,1.6,2.9,0.5,0.1,1.1,1.5,5.0
204,J.J. Barea\bareajo01,PG,29,MIN,79,1,18.6,3.2,8.3,.387,0.9,2.9,.316,2.3,5.4,.426,.443,1.0,1.3,.790,0.2,1.7,1.9,3.8,0.3,0.0,1.6,1.6,8.4
205,Brandan Wright\wrighbr03,C,26,DAL,58,0,18.6,3.9,5.7,.677,0.0,0.0,,3.9,5.7,.677,.677,1.3,1.8,.726,1.8,2.4,4.2,0.5,0.6,0.9,0.6,1.6,9.1
206,Mike Scott\scottmi01,PF,25,ATL,80,6,18.5,3.8,7.9,.479,0.8,2.5,.310,3.0,5.4,.558,.529,1.3,1.7,.780,0.8,2.8,3.6,0.9,0.4,0.1,1.0,1.5,9.6
207,Jeremy Evans\evansje01,SF,26,UTA,66,4,18.3,2.7,5.0,.527,0.0,0.0,.000,2.7,5.0,.530,.527,0.8,1.1,.680,1.8,2.9,4.7,0.7,0.6,0.7,0.6,2.1,6.1
208,Mason Plumlee\plumlma01,C,23,BRK,70,22,18.2,2.8,4.3,.659,0.0,0.0,.000,2.8,4.3,.666,.659,1.7,2.8,.626,1.4,3.0,4.4,0.9,0.7,0.8,1.1,2.4,7.4
209,Omri Casspi\casspom01,PF,25,HOU,71,2,18.1,2.4,5.8,.422,0.9,2.5,.347,1.6,3.3,.479,.496,1.2,1.7,.680,0.8,2.9,3.7,1.2,0.6,0.2,1.0,1.4,6.9
210,Matthew Dellavedova\dellama01,SG,23,CLE,72,4,17.7,1.7,4.1,.412,0.8,2.2,.368,0.9,2.0,.461,.508,0.5,0.7,.792,0.4,1.3,1.7,2.6,0.5,0.1,0.8,1.7,4.7
211,Derek Fisher\fishede01,SG,39,OKC,81,0,17.6,1.7,4.5,.391,1.1,2.8,.384,0.7,1.6,.402,.512,0.7,0.9,.775,0.1,1.4,1.5,1.4,0.9,0.0,0.6,1.9,5.2
212,Elliot Williams\williel01,SG,24,PHI,67,2,17.3,2.1,5.0,.415,0.6,1.9,.296,1.5,3.2,.486,.470,1.3,1.8,.731,0.4,1.5,1.9,1.1,0.5,0.0,1.0,1.9,6.0
213,Cody Zeller\zelleco01,C,21,CHA,82,3,17.3,2.1,4.9,.426,0.0,0.0,.000,2.1,4.9,.427,.426,1.8,2.4,.730,1.4,2.9,4.3,1.1,0.5,0.5,1.1,2.1,6.0
214,Kyle O'Quinn\oquinky01,C,23,ORL,69,19,17.2,2.7,5.4,.501,0.0,0.0,.000,2.7,5.3,.505,.501,0.8,1.2,.687,1.4,3.8,5.3,1.1,0.6,1.3,1.1,2.4,6.2
215,Darrell Arthur\arthuda01,SF,25,DEN,68,1,17.1,2.4,6.0,.395,0.4,0.9,.375,2.0,5.1,.399,.424,0.8,0.9,.855,0.8,2.3,3.1,0.9,0.6,0.7,0.9,2.7,5.9
216,Luis Scola\scolalu01,PF,33,IND,82,2,17.1,3.2,6.8,.470,0.0,0.1,.143,3.2,6.7,.474,.471,1.2,1.7,.728,1.0,3.7,4.8,1.0,0.3,0.2,1.3,2.0,7.6
217,Jordan Hamilton\hamiljo02,SF,23,TOT,60,12,17.0,2.5,6.3,.391,1.2,3.3,.354,1.3,3.0,.433,.484,0.7,0.9,.784,0.5,2.7,3.2,0.9,0.7,0.3,0.8,1.1,6.7
218,Kosta Koufos\koufoko01,C,24,MEM,80,22,16.9,2.8,5.7,.495,0.0,0.0,,2.8,5.7,.495,.495,0.8,1.2,.645,2.0,3.2,5.2,0.5,0.4,0.9,0.8,2.3,6.4
219,Andre Miller\millean02,SG,37,TOT,58,2,16.9,1.8,4.0,.459,0.2,0.4,.524,1.6,3.6,.452,.483,1.0,1.3,.779,0.5,1.8,2.2,3.4,0.6,0.2,1.1,1.3,4.9
220,Travis Outlaw\outlatr01,SF,29,SAC,63,4,16.9,2.1,5.2,.399,0.7,1.9,.350,1.4,3.3,.426,.462,0.7,0.8,.808,0.6,2.1,2.7,0.8,0.3,0.3,0.4,1.5,5.4
221,Robert Sacre\sacrero01,C,24,LAL,65,13,16.8,2.2,4.6,.477,0.0,0.0,,2.2,4.6,.477,.477,1.0,1.4,.681,1.3,2.6,3.9,0.8,0.4,0.7,0.7,2.1,5.4
222,Nick Collison\collini01,PF,33,OKC,81,0,16.7,1.7,3.0,.556,0.0,0.2,.235,1.6,2.8,.580,.564,0.8,1.1,.710,1.4,2.2,3.6,1.3,0.4,0.3,0.9,2.3,4.2
223,Lavoy Allen\allenla01,PF,24,TOT,65,2,16.5,2.1,4.6,.447,0.0,0.2,.154,2.0,4.4,.460,.450,0.5,0.8,.660,1.8,3.0,4.8,1.1,0.4,0.5,0.7,1.9,4.7
224,Nick Calathes\calatni01,SG,24,MEM,71,7,16.5,2.0,4.4,.457,0.3,0.9,.311,1.7,3.5,.492,.487,0.6,1.0,.611,0.3,1.6,1.9,2.9,0.9,0.1,1.4,1.6,4.9
225,Rashard Lewis\lewisra02,SF,34,MIA,60,6,16.2,1.6,3.9,.415,0.8,2.2,.343,0.9,1.7,.510,.513,0.4,0.6,.788,0.4,1.4,1.8,1.0,0.9,0.1,0.6,1.5,4.5
226,Ian Mahinmi\mahinia01,C,27,IND,77,1,16.2,1.2,2.5,.481,0.0,0.0,.000,1.2,2.4,.484,.481,1.2,1.9,.621,1.4,1.9,3.3,0.3,0.5,0.9,0.8,2.7,3.5
227,Jae Crowder\crowdja01,SF,23,DAL,78,8,16.1,1.7,3.8,.439,0.6,1.9,.331,1.0,1.9,.552,.524,0.6,0.8,.754,0.6,1.9,2.5,0.8,0.8,0.3,0.5,1.3,4.6
228,Tony Snell\snellto01,SG,22,CHI,77,12,16.0,1.7,4.4,.384,0.7,2.3,.320,0.9,2.1,.456,.469,0.4,0.5,.756,0.2,1.4,1.6,0.9,0.4,0.2,0.6,1.1,4.5
229,Alonzo Gee\geeal01,SF,26,CLE,65,24,15.7,1.5,3.6,.415,0.3,0.9,.328,1.2,2.7,.444,.456,0.7,0.9,.705,0.5,1.8,2.3,0.7,0.6,0.2,0.7,1.5,4.0
230,Luc Mbah a Moute\mbahalu01,PF-SF,27,TOT,64,7,15.7,1.4,3.0,.451,0.1,0.3,.235,1.3,2.8,.472,.461,0.7,1.0,.687,0.9,1.4,2.3,0.6,0.5,0.2,0.6,1.1,3.5
231,DeJuan Blair\blairde01,PF,24,DAL,78,13,15.6,2.7,5.0,.534,0.0,0.0,.000,2.7,5.0,.537,.534,1.0,1.6,.636,1.8,2.9,4.7,0.9,0.8,0.3,1.0,2.5,6.4
232,Donatas Motiejūnas\motiedo01,PF,23,HOU,62,3,15.4,2.1,4.8,.443,0.3,1.4,.250,1.8,3.4,.519,.478,0.9,1.5,.604,1.0,2.7,3.6,0.5,0.3,0.3,0.8,2.1,5.5
233,Andrew Nicholson\nichoan01,PF,24,ORL,76,5,15.4,2.4,5.5,.429,0.4,1.2,.315,2.0,4.4,.459,.462,0.6,0.8,.825,0.7,2.7,3.4,0.3,0.2,0.3,0.7,2.0,5.7
234,Tyler Hansbrough\hansbty01,PF,28,TOR,64,4,15.3,1.5,3.1,.474,0.0,0.0,.000,1.5,3.0,.479,.474,2.0,2.9,.681,1.9,2.6,4.5,0.3,0.4,0.3,0.7,2.1,4.9
235,Ed Davis\davised01,PF,24,MEM,63,4,15.2,2.5,4.6,.534,0.0,0.0,,2.5,4.6,.534,.534,0.7,1.4,.528,1.5,2.7,4.1,0.4,0.3,0.7,0.6,1.8,5.7
236,Phil Pressey\pressph01,PG,22,BOS,75,11,15.1,1.0,3.4,.308,0.4,1.4,.264,0.7,2.0,.340,.364,0.4,0.6,.644,0.3,1.1,1.4,3.2,0.9,0.1,1.2,1.3,2.8
237,Tyler Zeller\zellety01,C,24,CLE,70,9,15.0,2.2,4.1,.538,0.0,0.0,.000,2.2,4.1,.540,.538,1.2,1.7,.719,1.5,2.6,4.0,0.5,0.3,0.5,0.9,2.0,5.7
238,Steven Adams\adamsst01,C,20,OKC,81,20,14.8,1.1,2.3,.503,0.0,0.0,,1.1,2.3,.503,.503,1.0,1.7,.581,1.8,2.3,4.1,0.5,0.5,0.7,0.9,2.5,3.3
239,Diante Garrett\garredi02,PG,25,UTA,71,0,14.8,1.4,3.7,.381,0.5,1.4,.375,0.9,2.4,.385,.449,0.1,0.2,.833,0.2,1.2,1.4,1.7,0.6,0.1,1.1,1.1,3.5
240,Cartier Martin\martica01,SF,29,TOT,59,6,14.7,1.9,4.5,.420,1.0,2.6,.391,0.9,1.9,.460,.532,0.8,1.1,.738,0.2,1.6,1.9,0.6,0.5,0.1,0.6,1.2,5.6
241,Dorell Wright\wrighdo01,SF,28,POR,68,13,14.5,1.6,4.4,.374,1.0,3.0,.342,0.6,1.4,.442,.490,0.8,1.0,.754,0.4,2.4,2.8,0.9,0.3,0.2,0.6,0.9,5.0
242,Ish Smith\smithis01,PG,25,PHO,70,1,14.4,1.7,4.0,.423,0.0,0.3,.043,1.7,3.7,.457,.425,0.3,0.6,.564,0.4,1.4,1.8,2.6,0.7,0.2,0.9,0.9,3.7
243,Bismack Biyombo\biyombi01,C,21,CHA,77,9,13.9,1.1,1.9,.611,0.0,0.0,,1.1,1.9,.611,.611,0.6,1.2,.517,1.4,3.4,4.8,0.1,0.1,1.1,0.5,1.6,2.9
244,Cory Joseph\josepco01,SG,22,SAS,68,19,13.8,1.9,3.9,.475,0.2,0.6,.316,1.7,3.3,.502,.498,1.2,1.4,.823,0.5,1.1,1.6,1.7,0.5,0.2,0.6,1.2,5.0
245,Kent Bazemore\bazemke01,SG,24,TOT,67,15,13.6,2.2,5.1,.429,0.6,1.9,.336,1.6,3.2,.484,.491,1.0,1.6,.606,0.1,1.6,1.7,1.4,0.6,0.2,1.2,1.5,6.0
246,Gorgui Dieng\dienggo01,C,24,MIN,60,15,13.6,1.9,3.8,.498,0.0,0.0,1.000,1.9,3.8,.496,.500,1.0,1.6,.634,1.7,3.3,5.0,0.7,0.5,0.8,0.9,1.8,4.8
247,Quincy Acy\acyqu01,SF,23,TOT,63,0,13.4,1.0,2.2,.468,0.1,0.2,.267,1.0,2.0,.492,.482,0.6,0.8,.660,1.1,2.3,3.4,0.4,0.4,0.4,0.5,1.9,2.7
248,Jeff Ayres\pendeje02,PF,26,SAS,73,10,13.0,1.4,2.4,.580,0.0,0.0,,1.4,2.4,.580,.580,0.5,0.8,.691,1.2,2.3,3.5,0.8,0.2,0.3,0.9,2.0,3.3
249,Thomas Robinson\robinth01,PF,22,POR,70,0,12.5,2.0,4.2,.481,0.0,0.0,.000,2.0,4.2,.483,.481,0.8,1.4,.564,1.5,2.9,4.4,0.5,0.3,0.3,0.8,1.9,4.8
250,Chuck Hayes\hayesch01,C,30,TOT,61,1,12.4,0.9,2.1,.431,0.0,0.0,.000,0.9,2.1,.434,.431,0.3,0.4,.800,1.1,2.3,3.4,0.6,0.6,0.2,0.5,1.6,2.2
251,Marreese Speights\speigma01,C,26,GSW,79,3,12.4,2.5,5.6,.441,0.1,0.4,.258,2.4,5.2,.455,.450,1.4,1.7,.821,1.3,2.4,3.7,0.4,0.1,0.4,0.8,1.9,6.4
252,Perry Jones\jonespe01,PF,22,OKC,62,7,12.3,1.3,2.9,.459,0.4,1.0,.361,1.0,1.9,.508,.519,0.5,0.7,.667,0.5,1.4,1.8,0.4,0.2,0.3,0.3,1.0,3.5
253,Jeff Withey\witheje01,C,23,NOP,58,4,11.8,1.2,2.2,.535,0.0,0.0,.000,1.2,2.2,.539,.535,0.9,1.3,.712,0.8,1.7,2.6,0.4,0.3,0.9,0.3,1.3,3.3
254,Jonas Jerebko\jerebjo01,PF,26,DET,64,0,11.6,1.5,3.3,.471,0.5,1.2,.419,1.0,2.1,.500,.546,0.7,0.9,.729,0.8,1.9,2.7,0.6,0.3,0.1,0.7,1.3,4.2
255,Matt Bonner\bonnema01,PF,33,SAS,61,0,11.3,1.2,2.7,.445,0.7,1.6,.429,0.5,1.1,.470,.573,0.1,0.2,.750,0.3,1.9,2.1,0.5,0.2,0.2,0.3,0.8,3.2
256,Alexey Shved\shvedal01,SG,25,MIN,63,0,10.5,1.2,3.8,.321,0.5,1.6,.294,0.7,2.1,.341,.384,1.1,1.4,.756,0.3,1.0,1.3,1.1,0.4,0.3,0.8,0.6,4.0
257,Garrett Temple\templga01,SG,27,WAS,75,0,8.5,0.7,1.9,.362,0.1,0.4,.207,0.6,1.5,.402,.383,0.4,0.6,.698,0.3,0.6,0.9,1.0,0.5,0.1,0.6,1.0,1.8
258,Ryan Hollins\holliry01,PF,29,LAC,61,0,7.9,0.9,1.2,.736,0.0,0.0,,0.9,1.2,.736,.736,0.6,0.9,.625,0.5,1.0,1.5,0.1,0.1,0.5,0.5,1.4,2.3
259,Nazr Mohammed\mohamna01,C,36,CHI,80,1,7.0,0.7,1.6,.429,0.0,0.0,,0.7,1.6,.429,.429,0.2,0.4,.533,0.8,1.4,2.2,0.3,0.2,0.4,0.5,1.0,1.6