Rk,Player,Pos,Age,Tm,G,GS,MP,FG,FGA,FG%,3P,3PA,3P%,2P,2PA,2P%,eFG%,FT,FTA,FT%,ORB,DRB,TRB,AST,STL,BLK,TOV,PF,PTS
1,Steven Adams\adamsst01,C,26,OKC,29,29,27.8,5.0,8.1,.619,0.0,0.0,.000,5.0,8.1,.621,.619,1.6,3.0,.511,3.4,6.3,9.7,2.7,0.6,1.2,1.6,1.9,11.6
2,Bam Adebayo\adebaba01,C,22,MIA,33,33,34.4,5.8,10.3,.563,0.0,0.3,.111,5.8,10.1,.575,.565,3.9,5.7,.686,2.6,8.1,10.6,4.6,1.4,1.2,2.9,2.7,15.6
3,LaMarcus Aldridge\aldrila01,C,34,SAS,29,29,32.9,7.9,15.4,.512,0.8,2.0,.404,7.1,13.4,.528,.538,2.9,3.5,.832,2.1,5.4,7.5,2.4,0.7,1.9,1.4,2.3,19.5
4,Nickeil Alexander-Walker\alexani01,SG,21,NOP,27,0,12.6,2.0,6.0,.340,1.1,3.1,.341,1.0,2.9,.338,.429,0.4,0.6,.688,0.1,1.9,2.0,1.7,0.3,0.1,1.0,1.1,5.6
5,Grayson Allen\allengr01,SG,24,MEM,19,0,18.3,3.0,6.9,.435,1.5,3.7,.394,1.5,3.2,.483,.542,1.1,1.2,.870,0.2,2.4,2.5,1.5,0.3,0.1,1.0,1.4,8.5
6,Jarrett Allen\allenja01,C,21,BRK,32,29,26.5,4.6,7.1,.655,0.0,0.1,.000,4.6,7.0,.661,.655,2.7,4.3,.635,3.5,6.7,10.2,1.3,0.7,1.4,1.3,2.5,12.0
7,Kadeem Allen\allenka01,SG,27,NYK,2,0,9.0,1.5,3.5,.429,1.5,2.5,.600,0.0,1.0,.000,.643,0.0,0.0,,0.0,0.0,0.0,1.0,0.5,0.0,1.0,1.0,4.5
8,Al-Farouq Aminu\aminual01,PF,29,ORL,18,2,21.1,1.4,4.8,.291,0.5,2.0,.250,0.9,2.8,.320,.343,1.1,1.6,.655,1.3,3.5,4.8,1.2,1.0,0.4,0.9,1.5,4.3
9,Kyle Anderson\anderky01,PF,26,MEM,28,2,18.3,2.2,4.8,.466,0.2,0.9,.208,2.0,3.9,.523,.485,0.8,1.3,.622,1.1,3.3,4.4,2.4,0.6,0.5,0.9,1.5,5.4
10,Ryan Anderson\anderry01,PF,31,HOU,2,0,7.0,1.0,3.5,.286,0.5,2.5,.200,0.5,1.0,.500,.357,0.0,0.0,,0.0,3.5,3.5,1.0,0.5,0.0,0.5,0.5,2.5
11,Giannis Antetokounmpo\antetgi01,PF,25,MIL,32,32,30.9,11.3,20.3,.555,1.7,5.1,.327,9.6,15.2,.630,.596,6.2,10.2,.604,2.6,10.3,12.8,5.7,1.3,1.2,3.6,3.1,30.3
12,Kostas Antetokounmpo\antetko01,PF,22,LAL,2,0,1.5,0.0,0.0,,0.0,0.0,,0.0,0.0,,,0.0,0.0,,0.0,0.5,0.5,0.0,0.0,0.0,0.0,0.0,0.0
13,Thanasis Antetokounmpo\antetth01,SF,27,MIL,9,0,4.7,1.0,1.8,.563,0.0,0.2,.000,1.0,1.6,.643,.563,0.4,0.9,.500,0.6,0.1,0.7,0.7,0.1,0.1,0.3,0.7,2.4
14,Carmelo Anthony\anthoca01,PF,35,POR,19,19,31.5,5.9,14.5,.407,1.5,3.8,.389,4.4,10.7,.414,.458,2.4,2.9,.821,1.2,5.0,6.2,1.2,1.1,0.8,1.9,3.1,15.7
15,OG Anunoby\anunoog01,SF,22,TOR,32,32,29.6,4.4,8.9,.493,1.3,3.8,.344,3.1,5.1,.605,.567,0.9,1.5,.625,1.0,4.7,5.7,1.6,1.1,0.8,1.3,2.5,11.0
16,Ryan Arcidiacono\arcidry01,PG,25,CHI,34,0,15.0,1.3,3.4,.385,0.8,2.0,.406,0.5,1.4,.354,.504,0.5,0.7,.750,0.4,1.3,1.7,1.5,0.4,0.1,0.5,1.6,4.0
17,Trevor Ariza\arizatr01,SF,34,SAC,24,0,23.7,1.9,5.0,.372,1.3,3.7,.348,0.6,1.3,.438,.500,0.5,0.6,.800,0.7,3.8,4.5,1.4,1.0,0.3,0.9,1.8,5.5
18,D.J. Augustin\augusdj01,PG,32,ORL,33,6,25.8,3.3,8.2,.397,1.2,3.4,.339,2.1,4.8,.438,.467,2.5,2.8,.903,0.4,2.0,2.4,4.6,0.7,0.0,1.3,1.1,10.2
19,Deandre Ayton\aytonde01,C,21,PHO,3,2,26.0,7.0,14.0,.500,0.0,0.3,.000,7.0,13.7,.512,.500,0.0,0.3,.000,4.7,7.0,11.7,1.0,0.3,1.7,1.3,2.3,14.0
20,Dwayne Bacon\bacondw01,SG,24,CHO,25,10,16.4,2.0,6.5,.309,0.4,1.8,.222,1.6,4.7,.342,.340,1.0,1.4,.686,0.4,1.8,2.2,1.2,0.7,0.1,0.8,1.3,5.4
21,Marvin Bagley\baglema01,PF,20,SAC,9,3,23.6,5.6,12.1,.459,0.3,1.6,.214,5.2,10.6,.495,.472,2.2,2.8,.800,2.0,4.9,6.9,0.7,0.4,0.9,1.4,2.9,13.7
22,Lonzo Ball\balllo01,PG,22,NOP,26,17,28.3,4.0,10.5,.383,2.2,6.1,.361,1.8,4.5,.414,.487,0.6,1.2,.500,1.2,4.0,5.1,5.3,1.2,0.2,2.6,1.8,10.8
23,Mo Bamba\bambamo01,C,21,ORL,29,0,15.5,2.3,5.3,.444,0.7,2.0,.345,1.7,3.3,.505,.510,0.4,0.6,.647,1.5,3.6,5.1,0.7,0.3,1.3,1.0,1.9,5.8
24,J.J. Barea\bareajo01,PG,35,DAL,8,0,13.9,3.6,7.9,.460,1.8,3.1,.560,1.9,4.8,.395,.571,0.5,0.5,1.000,0.3,1.3,1.5,2.8,0.3,0.1,0.9,0.8,9.5
25,Harrison Barnes\barneha02,PF,27,SAC,33,33,35.2,5.2,11.9,.438,1.3,3.9,.341,3.9,8.0,.485,.494,3.6,4.5,.804,1.1,4.2,5.2,2.2,0.7,0.2,1.4,1.2,15.4
26,RJ Barrett\barrerj01,SG,19,NYK,32,32,31.7,5.2,13.3,.389,1.1,3.5,.321,4.0,9.8,.413,.432,2.3,4.2,.552,1.1,4.2,5.3,2.8,1.1,0.4,2.2,2.2,13.8
27,Will Barton\bartowi01,SF,29,DEN,30,30,32.9,5.7,12.4,.460,1.6,4.3,.377,4.1,8.1,.504,.526,1.7,2.3,.739,1.6,5.3,6.9,3.6,1.2,0.4,1.5,2.0,14.7
28,Keita Bates-Diop\bateske01,SF,24,MIN,20,0,18.1,2.5,5.4,.463,1.1,2.7,.389,1.5,2.7,.537,.560,1.1,1.5,.733,0.6,2.2,2.7,0.5,0.5,0.5,0.4,0.9,7.2
29,Nicolas Batum\batumni01,SF,31,CHO,16,2,22.3,1.3,3.4,.370,0.7,2.3,.306,0.6,1.1,.500,.472,0.4,0.4,1.000,1.1,2.9,4.1,3.0,0.8,0.5,1.2,2.0,3.6
30,Aron Baynes\baynear01,C,33,PHO,24,18,24.0,5.1,9.7,.524,1.5,4.0,.375,3.6,5.7,.628,.601,1.3,1.8,.727,1.5,4.1,5.7,2.2,0.3,0.6,1.2,3.8,13.0
31,Kent Bazemore\bazemke01,SF,30,POR,34,12,24.5,2.7,7.4,.364,1.4,3.7,.370,1.3,3.6,.358,.458,1.3,1.5,.827,0.3,3.6,3.9,1.4,1.0,0.7,1.4,2.9,8.0
32,Darius Bazley\bazleda01,PF,19,OKC,32,5,17.3,1.4,4.0,.357,0.7,2.2,.310,0.8,1.8,.414,.442,0.4,0.6,.650,0.3,3.4,3.8,0.5,0.4,0.7,0.9,1.1,4.0
33,Bradley Beal\bealbr01,SG,26,WAS,30,30,36.6,9.5,21.8,.436,2.6,8.1,.317,6.9,13.7,.507,.495,6.3,7.6,.828,1.1,3.7,4.8,6.7,1.1,0.3,3.4,2.5,27.8
34,Malik Beasley\beaslma01,SG,23,DEN,25,0,15.9,2.6,6.6,.396,1.3,3.4,.393,1.3,3.2,.400,.497,0.3,0.4,.778,0.2,1.2,1.5,1.0,0.4,0.2,0.8,1.1,6.8
35,Marco Belinelli\belinma01,SG,33,SAS,29,0,16.1,2.0,5.6,.356,1.0,2.9,.345,1.0,2.7,.367,.445,0.8,1.0,.733,0.0,1.6,1.7,1.2,0.2,0.0,0.4,0.8,5.8
36,Jordan Bell\belljo01,C,25,MIN,19,0,9.8,1.3,2.5,.532,0.1,0.3,.167,1.3,2.2,.585,.543,0.8,1.3,.640,1.2,2.1,3.2,0.6,0.1,0.5,0.8,0.7,3.5
37,DeAndre' Bembry\bembrde01,SG,25,ATL,33,4,22.4,2.6,5.6,.465,0.4,1.5,.250,2.2,4.2,.540,.497,0.6,1.2,.513,0.9,3.0,4.0,2.1,1.2,0.5,1.4,1.8,6.2
38,Dragan Bender\bendedr01,SF,22,MIL,3,0,9.7,2.0,2.7,.750,0.7,1.3,.500,1.3,1.3,1.000,.875,0.3,0.3,1.000,0.0,0.7,0.7,1.0,0.0,0.7,0.3,2.0,5.0
39,Dāvis Bertāns\bertada01,PF,27,WAS,28,4,30.0,5.1,11.3,.449,3.8,8.6,.434,1.3,2.6,.500,.616,1.5,1.7,.894,0.9,4.0,4.9,1.7,0.6,0.6,0.8,2.6,15.4
40,Patrick Beverley\beverpa01,PG,31,LAC,29,29,28.9,3.0,7.3,.413,1.4,4.3,.328,1.6,3.0,.534,.509,0.6,0.9,.593,1.3,4.7,6.0,3.3,1.4,0.7,1.3,3.3,8.0
41,Khem Birch\birchkh01,C,27,ORL,19,11,21.5,1.6,3.4,.469,0.0,0.1,.000,1.6,3.3,.476,.469,0.8,1.8,.471,1.9,3.2,5.1,1.1,0.6,0.7,0.7,2.4,4.0
42,Goga Bitadze\bitadgo01,C,20,IND,25,2,10.2,1.2,2.6,.455,0.2,0.6,.250,1.0,2.0,.520,.485,0.6,0.8,.714,0.7,1.8,2.5,0.6,0.0,0.9,0.5,1.6,3.2
43,Bismack Biyombo\biyombi01,C,27,CHO,33,18,18.8,3.1,5.5,.572,0.0,0.0,,3.1,5.5,.572,.572,1.8,3.1,.592,2.3,3.4,5.7,0.9,0.2,0.8,0.6,2.2,8.1
44,Nemanja Bjelica\bjeline01,PF,31,SAC,33,30,26.5,4.5,9.5,.476,1.8,4.4,.421,2.7,5.1,.524,.573,0.9,1.0,.879,1.6,4.4,6.0,2.7,0.8,0.6,1.5,2.9,11.8
45,Eric Bledsoe\bledser01,PG,30,MIL,27,27,26.3,5.6,11.7,.481,1.2,3.5,.347,4.4,8.2,.538,.533,2.6,3.1,.812,0.8,4.1,4.9,5.6,1.0,0.4,2.3,2.3,15.0
46,Bogdan Bogdanović\bogdabo01,SG,27,SAC,28,0,28.4,5.3,12.5,.424,2.8,7.0,.391,2.5,5.4,.467,.534,1.4,2.1,.661,0.3,2.7,3.0,3.7,1.1,0.2,2.0,2.0,14.7
47,Bojan Bogdanović\bogdabo02,SF,30,UTA,32,32,33.7,6.8,15.4,.440,3.1,7.2,.432,3.7,8.3,.447,.541,4.1,4.6,.884,0.6,3.8,4.5,2.2,0.7,0.1,2.8,1.9,20.7
48,Jonah Bolden\boldejo01,PF,24,PHI,2,0,2.5,0.5,0.5,1.000,0.0,0.0,,0.5,0.5,1.000,1.000,0.0,1.0,.000,0.0,0.0,0.0,0.0,0.5,0.0,0.5,0.0,1.0
49,Jordan Bone\bonejo01,PG,22,DET,3,0,2.0,0.7,1.7,.400,0.0,0.3,.000,0.7,1.3,.500,.400,0.0,0.0,,0.0,0.0,0.0,0.0,0.0,0.0,0.7,0.7,1.3
50,Isaac Bonga\bongais01,SF,20,WAS,27,19,15.8,1.3,2.8,.461,0.2,0.7,.278,1.1,2.1,.517,.493,0.8,1.0,.778,0.9,1.9,2.8,1.1,0.6,0.2,0.6,2.1,3.6
51,Devin Booker\bookede01,SG,23,PHO,30,30,35.8,8.8,17.5,.503,1.9,5.1,.364,6.9,12.4,.561,.556,5.5,6.0,.906,0.7,3.3,4.0,6.4,0.7,0.3,3.8,3.1,24.9
52,Chris Boucher\bouchch01,PF,27,TOR,30,0,12.9,2.1,4.6,.467,0.5,1.6,.333,1.6,3.0,.539,.526,1.6,2.0,.770,1.9,2.4,4.2,0.5,0.3,0.8,0.4,1.6,6.4
53,Brian Bowen\bowenbr02,SG,21,IND,3,0,3.3,0.3,1.3,.250,0.0,0.3,.000,0.3,1.0,.333,.250,0.0,0.0,,0.0,0.3,0.3,0.0,0.0,0.3,0.0,0.0,0.7
54,Ky Bowman\bowmaky01,PG,22,GSW,30,6,22.8,3.1,7.2,.435,1.0,2.5,.387,2.2,4.7,.461,.502,0.7,0.8,.917,0.5,2.2,2.7,3.0,0.8,0.2,1.2,2.2,8.0
55,Avery Bradley\bradlav01,SG,29,LAL,19,14,23.9,3.3,7.7,.429,0.6,2.7,.235,2.7,5.1,.531,.469,0.4,0.5,.700,0.6,1.9,2.5,1.3,0.8,0.1,1.3,2.5,7.6
56,Tony Bradley\bradlto01,C,22,UTA,22,2,8.9,1.7,2.8,.613,0.0,0.0,,1.7,2.8,.613,.613,0.5,0.7,.688,1.3,2.0,3.3,0.2,0.1,0.4,0.5,1.9,4.0
57,Jarrell Brantley\brantja01,PF,23,UTA,2,0,4.5,0.0,0.0,,0.0,0.0,,0.0,0.0,,,0.0,0.0,,0.0,2.0,2.0,0.5,0.0,1.0,0.5,0.5,0.0
58,Ignas Brazdeikis\brazdig01,SF,21,NYK,8,0,6.0,0.6,2.5,.250,0.1,1.0,.125,0.5,1.5,.333,.275,0.4,0.5,.750,0.3,0.4,0.6,0.3,0.0,0.1,0.3,0.4,1.8
59,Mikal Bridges\bridgmi01,SF,23,PHO,33,3,22.0,2.6,5.2,.500,0.5,1.7,.309,2.1,3.5,.591,.550,1.4,1.8,.810,0.9,2.9,3.8,1.3,1.3,0.4,0.8,1.8,7.1
60,Miles Bridges\bridgmi02,SF,21,CHO,35,35,30.4,4.7,10.7,.439,1.5,4.3,.349,3.2,6.5,.498,.508,1.2,1.6,.764,1.2,4.0,5.2,1.7,0.6,0.7,1.6,2.2,12.1
61,Oshae Brissett\brissos01,SF,21,TOR,8,0,6.8,0.6,1.5,.417,0.1,0.4,.333,0.5,1.1,.444,.458,0.0,0.0,,0.4,0.6,1.0,0.4,0.1,0.1,0.4,0.9,1.4
62,Ryan Broekhoff\broekry01,SG,29,DAL,10,0,7.7,1.1,2.5,.440,1.0,2.0,.500,0.1,0.5,.200,.640,0.5,0.6,.833,0.1,1.3,1.4,0.4,0.2,0.1,0.2,0.7,3.7
63,Malcolm Brogdon\brogdma01,PG,27,IND,26,26,31.4,6.6,14.5,.452,1.4,4.3,.333,5.2,10.3,.502,.501,3.8,4.0,.933,0.7,3.9,4.5,7.6,0.9,0.2,2.7,2.1,18.3
64,Dillon Brooks\brookdi01,SG,24,MEM,34,34,27.7,5.1,12.5,.405,1.8,4.8,.366,3.3,7.7,.429,.475,2.3,2.8,.832,1.0,2.4,3.4,2.0,1.1,0.4,1.7,3.8,14.2
65,Bruce Brown\brownbr01,SG,23,DET,33,27,26.9,3.2,7.2,.445,0.6,1.7,.364,2.6,5.5,.470,.487,1.3,2.1,.638,0.9,3.6,4.5,3.6,1.2,0.5,1.9,2.7,8.3
66,Charlie Brown\brownch02,SG,22,ATL,4,0,4.0,0.3,0.8,.333,0.3,0.3,1.000,0.0,0.5,.000,.500,1.0,1.0,1.000,0.5,0.3,0.8,0.0,0.0,0.3,0.0,0.0,1.8
67,Jaylen Brown\brownja02,SF,23,BOS,27,27,33.6,7.6,14.7,.518,2.1,5.4,.400,5.5,9.4,.585,.590,3.1,4.2,.752,1.0,6.0,7.0,2.4,1.1,0.3,2.0,3.1,20.6
68,Moses Brown\brownmo01,C,20,POR,5,0,3.2,0.6,1.4,.429,0.0,0.0,,0.6,1.4,.429,.429,0.4,0.8,.500,0.4,1.4,1.8,0.0,0.2,0.0,0.4,0.8,1.6
69,Sterling Brown\brownst02,SF,24,MIL,25,0,16.9,2.0,5.1,.386,0.9,2.6,.333,1.1,2.4,.443,.472,0.8,1.1,.741,0.6,3.4,4.0,1.1,0.7,0.1,1.0,1.2,5.6
70,Troy Brown\browntr01,SG,20,WAS,29,13,24.3,3.7,8.2,.445,0.6,2.2,.286,3.0,6.0,.503,.483,1.3,1.7,.771,1.2,4.1,5.3,2.2,1.4,0.1,1.1,1.8,9.2
71,Jalen Brunson\brunsja01,PG,23,DAL,32,7,17.6,3.2,6.7,.479,0.8,2.3,.342,2.4,4.4,.550,.538,1.0,1.3,.756,0.5,2.1,2.6,3.6,0.4,0.0,1.2,1.3,8.1
72,Thomas Bryant\bryanth01,C,22,WAS,18,18,28.4,5.6,10.2,.549,0.6,1.9,.286,5.1,8.3,.611,.576,2.2,2.9,.736,2.3,6.2,8.5,2.7,0.4,1.0,1.3,2.4,13.9
73,Trey Burke\burketr01,PG,27,PHI,16,0,14.8,2.6,5.6,.467,0.8,1.6,.462,1.9,4.0,.469,.533,0.7,0.9,.786,0.8,0.9,1.7,2.5,0.4,0.1,0.5,0.9,6.7
74,Alec Burks\burksal01,SG,28,GSW,31,12,29.1,5.2,12.3,.426,1.5,4.4,.348,3.7,7.9,.469,.488,3.5,4.0,.887,0.7,3.7,4.4,3.0,1.3,0.3,1.5,2.2,15.5
75,Deonte Burton\burtode02,SG,26,OKC,17,0,9.0,1.0,2.9,.340,0.3,1.4,.208,0.7,1.5,.462,.390,0.2,0.3,.600,0.2,1.2,1.5,0.4,0.1,0.2,0.2,0.9,2.5
76,Jimmy Butler\butleji01,SF,30,MIA,29,29,35.4,5.9,13.8,.430,0.8,3.0,.276,5.1,10.8,.473,.460,8.1,9.8,.827,2.1,4.6,6.6,6.6,2.0,0.6,2.5,1.3,20.8
77,Bruno Caboclo\cabocbr01,SF,24,MEM,21,0,9.0,1.3,3.2,.412,0.2,1.2,.160,1.1,2.0,.558,.441,0.1,0.1,.667,0.8,1.3,2.1,0.5,0.5,0.6,0.3,1.1,3.0
78,Kentavious Caldwell-Pope\caldwke01,SG,26,LAL,33,19,25.4,3.5,7.3,.475,1.4,3.2,.430,2.1,4.0,.511,.571,1.1,1.4,.787,0.6,1.6,2.2,1.8,0.8,0.2,0.9,1.8,9.4
79,Vlatko Čančar\cancavl01,SF,22,DEN,3,0,1.7,0.0,0.3,.000,0.0,0.0,,0.0,0.3,.000,.000,0.7,0.7,1.000,0.3,0.0,0.3,0.3,0.0,0.0,0.0,0.0,0.7
80,Clint Capela\capelca01,C,25,HOU,27,27,33.6,6.3,9.8,.642,0.0,0.0,,6.3,9.8,.642,.642,1.3,2.6,.486,4.0,10.4,14.4,1.2,0.9,1.9,1.7,2.7,13.9
81,DeMarre Carroll\carrode01,SF,33,SAS,13,0,10.1,0.7,2.2,.321,0.2,1.0,.231,0.5,1.2,.400,.375,0.8,1.4,.611,0.5,1.8,2.3,0.8,0.2,0.2,0.8,1.5,2.5
82,Jevon Carter\carteje01,PG,24,PHO,23,2,14.0,1.3,3.6,.366,0.7,2.0,.348,0.6,1.6,.389,.463,0.3,0.3,.750,0.5,1.5,2.0,1.6,0.9,0.3,0.7,1.5,3.6
83,Vince Carter\cartevi01,SF,43,ATL,28,0,15.7,1.9,5.5,.346,1.0,3.6,.287,0.9,1.9,.462,.441,0.4,0.6,.706,0.2,1.8,2.0,1.0,0.3,0.4,0.6,1.6,5.3
84,Wendell Carter\cartewe01,C,20,CHI,34,34,30.0,4.5,8.3,.548,0.1,0.7,.208,4.4,7.6,.580,.557,2.5,3.5,.720,3.4,6.4,9.8,1.1,0.8,0.9,1.6,3.9,11.7
85,Michael Carter-Williams\cartemi01,SG,28,ORL,19,0,16.3,1.8,4.9,.376,0.4,1.6,.233,1.5,3.3,.444,.414,1.2,1.6,.710,0.9,2.2,3.2,2.0,1.1,0.4,0.9,1.4,5.2
86,Alex Caruso\carusal01,PG,25,LAL,31,0,20.0,2.0,4.5,.433,0.7,2.0,.333,1.3,2.5,.513,.507,0.9,1.2,.763,0.3,1.8,2.1,1.7,1.1,0.3,0.9,1.6,5.5
87,Willie Cauley-Stein\caulewi01,C,26,GSW,31,30,23.4,3.7,6.5,.570,0.0,0.0,,3.7,6.5,.570,.570,0.8,1.3,.610,1.5,4.7,6.2,1.4,1.2,1.4,1.0,2.8,8.2
88,Tyson Chandler\chandty01,C,37,HOU,22,5,8.7,0.6,0.8,.778,0.0,0.0,,0.6,0.8,.778,.778,0.3,0.6,.462,1.0,1.8,2.8,0.3,0.3,0.4,0.3,1.2,1.5
89,Wilson Chandler\chandwi01,SF,32,BRK,7,0,20.7,2.7,6.3,.432,0.7,3.3,.217,2.0,3.0,.667,.489,0.3,0.3,1.000,0.1,4.4,4.6,1.1,0.6,0.1,1.1,1.7,6.4
90,Zylan Cheatham\cheatzy01,SF,24,NOP,2,0,10.0,0.5,2.0,.250,0.0,0.5,.000,0.5,1.5,.333,.250,0.0,0.0,,0.0,1.5,1.5,0.5,0.0,0.0,0.5,1.5,1.0
91,Chris Chiozza\chiozch01,PG,24,WAS,10,0,12.3,1.0,3.4,.294,0.7,1.6,.438,0.3,1.8,.167,.397,0.0,0.0,,0.0,1.5,1.5,2.8,1.0,0.2,0.9,1.2,2.7
92,Marquese Chriss\chrisma01,PF,22,GSW,33,1,17.2,2.6,5.3,.491,0.1,0.6,.190,2.5,4.7,.532,.503,2.0,2.5,.798,1.7,3.5,5.3,1.7,0.6,0.9,1.5,1.9,7.4
93,Gary Clark\clarkga01,PF,25,HOU,17,0,12.2,1.3,3.4,.379,1.0,2.9,.340,0.3,0.5,.625,.526,0.4,0.4,.857,0.6,1.6,2.3,0.7,0.1,0.4,0.1,1.2,3.9
94,Brandon Clarke\clarkbr01,PF,23,MEM,28,2,21.5,5.6,8.6,.645,0.6,1.3,.457,5.0,7.4,.676,.678,1.3,1.7,.766,1.4,4.1,5.5,1.4,0.4,0.9,1.0,1.6,13.0
95,Jordan Clarkson\clarkjo01,SG,27,TOT,32,0,23.1,5.1,11.4,.445,2.0,5.5,.369,3.0,5.9,.516,.534,2.6,2.9,.872,0.7,1.6,2.3,2.3,0.6,0.3,1.3,1.2,14.7
95,Jordan Clarkson\clarkjo01,SG,27,CLE,29,0,23.0,5.0,11.2,.442,2.0,5.5,.371,2.9,5.8,.509,.532,2.6,3.0,.884,0.7,1.7,2.4,2.4,0.6,0.3,1.3,1.1,14.6
95,Jordan Clarkson\clarkjo01,G,27,UTA,3,0,24.0,6.0,12.7,.474,2.0,5.7,.353,4.0,7.0,.571,.553,2.0,2.7,.750,0.3,1.3,1.7,1.3,0.7,0.0,0.3,2.0,16.0
96,Nicolas Claxton\claxtni01,PF,20,BRK,9,0,13.2,1.2,2.3,.524,0.0,0.6,.000,1.2,1.8,.688,.524,0.6,1.3,.417,0.9,1.6,2.4,1.2,0.1,0.6,0.7,1.1,3.0
97,Chris Clemons\clemoch01,SG,22,HOU,21,0,9.4,1.9,4.5,.426,1.4,3.6,.387,0.5,0.9,.579,.580,0.1,0.2,.750,0.1,0.7,0.8,0.7,0.3,0.2,0.5,0.8,5.3
98,John Collins\collijo01,PF,22,ATL,9,9,31.9,7.4,14.4,.515,1.6,4.2,.368,5.9,10.2,.576,.569,1.9,2.4,.773,2.1,7.8,9.9,1.7,1.0,2.0,1.7,3.2,18.3
99,Zach Collins\colliza01,PF,22,POR,3,3,28.7,3.0,6.3,.474,1.0,2.3,.429,2.0,4.0,.500,.553,2.0,2.0,1.000,1.3,2.7,4.0,2.0,0.0,0.7,2.0,3.7,9.0
100,Mike Conley\conlemi01,PG,32,UTA,22,22,29.4,4.5,12.3,.365,1.8,5.0,.360,2.7,7.3,.369,.439,2.8,3.5,.803,0.7,2.6,3.3,4.6,0.7,0.2,2.0,2.2,13.6
101,Pat Connaughton\connapa01,SG,27,MIL,33,0,17.7,1.9,4.2,.450,0.7,2.2,.319,1.2,2.1,.588,.532,0.5,0.7,.696,0.7,3.6,4.3,2.0,0.3,0.5,0.8,1.0,5.0
102,Quinn Cook\cookqu01,PG,26,LAL,22,0,13.0,2.0,4.7,.413,0.5,1.7,.316,1.4,3.0,.470,.471,0.2,0.2,.800,0.2,1.0,1.1,1.4,0.3,0.0,0.9,0.6,4.6
103,Tyler Cook\cookty01,PF,22,CLE,6,0,2.8,0.8,1.0,.833,0.0,0.0,,0.8,1.0,.833,.833,0.3,0.3,1.000,0.5,0.3,0.8,0.0,0.2,0.0,0.2,0.2,2.0
104,Robert Covington\covinro01,PF,29,MIN,31,30,28.4,4.2,9.7,.432,2.0,6.0,.335,2.2,3.7,.586,.535,1.8,2.2,.836,0.7,4.8,5.5,1.1,1.5,0.9,1.6,3.2,12.2
105,Allen Crabbe\crabbal01,SG,27,ATL,21,1,19.0,2.0,5.5,.374,1.1,3.7,.299,1.0,1.8,.526,.474,0.4,0.6,.750,0.4,2.0,2.4,1.0,0.6,0.1,0.5,1.1,5.6
106,Torrey Craig\craigto01,SF,29,DEN,22,2,12.1,1.1,2.9,.391,0.3,1.4,.233,0.8,1.5,.529,.445,0.3,0.6,.538,0.6,1.5,2.1,0.7,0.3,0.6,0.4,1.6,2.9
107,Jae Crowder\crowdja01,SF,29,MEM,32,32,30.8,3.4,9.3,.364,1.8,6.3,.292,1.5,3.0,.516,.463,1.5,2.0,.750,0.9,5.3,6.2,2.8,0.9,0.3,1.3,2.0,10.1
108,Jarrett Culver\culveja01,SG,20,MIN,31,18,22.5,3.2,8.9,.364,0.9,3.5,.250,2.4,5.4,.437,.413,0.8,2.0,.419,1.1,2.1,3.2,1.9,1.0,0.6,1.2,2.0,8.2
109,Seth Curry\curryse01,SG,29,DAL,30,9,21.8,3.3,7.4,.448,1.7,4.3,.395,1.6,3.1,.522,.563,1.4,1.5,.932,0.4,1.6,2.0,1.8,0.6,0.1,1.1,1.7,9.7
110,Stephen Curry\curryst01,PG,31,GSW,4,4,28.0,6.8,16.5,.409,2.3,9.3,.243,4.5,7.3,.621,.477,4.5,4.5,1.000,1.0,4.0,5.0,6.5,1.3,0.5,3.8,2.5,20.3
111,Troy Daniels\danietr01,SG,28,LAL,24,0,12.7,1.6,4.2,.386,1.0,3.0,.342,0.6,1.2,.500,.510,0.2,0.3,.571,0.2,1.0,1.2,0.3,0.3,0.0,0.3,0.7,4.5
112,Anthony Davis\davisan02,PF,26,LAL,31,31,35.1,9.6,19.2,.500,1.1,3.7,.287,8.5,15.5,.551,.528,7.1,8.3,.853,2.4,6.9,9.3,3.3,1.5,2.5,2.4,2.6,27.3
113,Ed Davis\davised01,C,30,UTA,19,0,11.5,0.6,1.5,.393,0.0,0.0,,0.6,1.5,.393,.393,0.2,0.5,.444,1.1,3.2,4.3,0.4,0.5,0.4,0.6,2.4,1.4
114,Terence Davis\daviste02,SG,22,TOR,33,0,16.6,2.4,5.1,.467,1.2,2.9,.400,1.2,2.2,.554,.580,0.7,0.7,.958,0.6,2.5,3.1,1.9,0.5,0.2,0.8,1.6,6.6
115,Dewayne Dedmon\dedmode01,C,30,SAC,23,4,13.6,1.9,4.6,.419,0.5,2.1,.229,1.4,2.5,.579,.471,0.5,0.6,.846,1.1,2.7,3.8,0.3,0.4,0.5,1.4,2.4,4.8
116,Matthew Dellavedova\dellama01,PG,29,CLE,30,0,13.3,1.0,3.0,.319,0.2,1.7,.120,0.8,1.4,.561,.352,0.7,0.7,.955,0.4,1.0,1.4,2.6,0.4,0.0,0.8,1.5,2.8
117,DeMar DeRozan\derozde01,SF,30,SAS,31,31,33.6,8.2,15.7,.520,0.2,0.6,.263,8.0,15.1,.530,.525,4.6,5.7,.809,0.5,4.8,5.3,5.0,0.9,0.4,2.5,2.9,21.1
118,Cheick Diallo\diallch01,C,23,PHO,21,0,9.6,2.1,3.1,.692,0.0,0.0,1.000,2.1,3.0,.688,.700,0.9,1.0,.857,0.7,2.2,2.9,0.5,0.1,0.2,0.6,1.0,5.2
119,Hamidou Diallo\diallha01,SF,21,OKC,12,1,21.3,3.8,7.7,.500,0.2,1.1,.154,3.7,6.6,.557,.511,0.9,1.5,.611,1.2,2.7,3.8,0.8,1.5,0.3,1.2,2.4,8.8
120,Gorgui Dieng\dienggo01,C,30,MIN,28,9,16.8,2.4,5.6,.429,0.8,2.3,.344,1.6,3.3,.489,.500,1.1,1.4,.795,1.5,4.1,5.7,1.0,1.0,1.0,0.8,1.9,6.7
121,Spencer Dinwiddie\dinwisp01,SG,26,BRK,32,21,31.0,7.6,17.8,.425,1.9,6.5,.300,5.6,11.3,.497,.480,5.9,7.4,.801,0.3,2.8,3.1,6.3,0.8,0.4,2.9,3.3,23.0
122,Donte DiVincenzo\divindo01,SG,23,MIL,32,19,22.4,3.1,7.1,.434,1.1,3.4,.324,2.0,3.8,.533,.511,0.9,1.1,.806,0.9,3.7,4.5,2.3,1.5,0.3,1.2,1.7,8.2
123,Luka Dončić\doncilu01,PG,20,DAL,28,28,32.0,9.2,19.4,.474,2.9,9.0,.324,6.3,10.4,.605,.550,7.4,9.1,.813,1.4,8.1,9.5,9.0,1.3,0.1,4.3,2.3,28.8
124,Luguentz Dort\dortlu01,SG,20,OKC,7,0,16.4,1.1,3.6,.320,0.1,2.0,.071,1.0,1.6,.636,.340,0.9,1.4,.600,0.1,1.3,1.4,0.4,0.3,0.0,0.4,2.6,3.3
125,Damyean Dotson\dotsoda01,SG,25,NYK,29,0,17.1,2.3,5.7,.404,1.1,3.5,.317,1.2,2.2,.538,.500,0.6,0.8,.696,0.1,1.6,1.7,1.3,0.4,0.1,0.4,0.8,6.3
126,Sekou Doumbouya\doumbse01,SF,19,DET,7,0,3.4,0.6,1.6,.364,0.0,0.4,.000,0.6,1.1,.500,.364,0.1,0.4,.333,0.0,0.6,0.6,0.0,0.1,0.0,0.1,0.4,1.3
127,Goran Dragić\dragigo01,PG,33,MIA,23,1,28.7,5.4,12.1,.446,2.2,5.5,.402,3.2,6.6,.483,.538,2.8,3.9,.719,0.4,2.7,3.1,5.0,0.7,0.3,2.4,1.8,15.8
128,Andre Drummond\drumman01,C,26,DET,32,31,33.8,7.4,13.7,.542,0.0,0.5,.000,7.4,13.2,.563,.542,3.1,5.0,.613,4.4,11.5,15.9,2.8,2.0,1.8,3.6,3.7,17.9
129,Jared Dudley\dudleja01,SF,34,LAL,23,1,7.8,0.5,1.2,.393,0.4,0.8,.526,0.0,0.4,.111,.571,0.1,0.1,1.000,0.1,0.7,0.9,0.6,0.3,0.0,0.1,0.9,1.5
130,Kris Dunn\dunnkr01,PG,25,CHI,34,15,23.5,2.9,6.8,.424,0.5,2.1,.225,2.4,4.7,.513,.459,0.6,0.9,.710,0.5,2.9,3.4,3.2,2.1,0.4,1.1,3.4,6.9
131,Carsen Edwards\edwarca01,SG,21,BOS,24,0,10.3,1.1,3.6,.314,0.7,2.2,.321,0.4,1.4,.303,.413,0.5,0.5,.846,0.2,1.3,1.5,0.7,0.3,0.1,0.5,1.0,3.4
132,Henry Ellenson\ellenhe01,PF,23,BRK,4,0,3.5,0.3,1.8,.143,0.0,1.0,.000,0.3,0.8,.333,.143,0.0,0.0,,0.5,0.5,1.0,0.0,0.0,0.0,0.0,0.3,0.5
133,Wayne Ellington\ellinwa01,SG,32,NYK,18,1,14.3,1.4,4.5,.321,1.2,3.8,.304,0.3,0.7,.417,.451,0.2,0.3,.667,0.1,1.6,1.6,0.9,0.3,0.1,0.7,1.1,4.3
134,Joel Embiid\embiijo01,C,25,PHI,29,29,30.9,7.7,16.2,.477,1.3,3.9,.339,6.4,12.3,.520,.517,6.9,8.3,.834,2.6,9.8,12.4,3.1,0.8,1.4,3.0,3.5,23.7
135,James Ennis\ennisja01,SF,29,PHI,35,0,17.6,2.4,5.1,.461,0.9,2.5,.372,1.5,2.7,.543,.550,1.1,1.5,.765,1.2,2.3,3.5,1.0,0.4,0.3,0.6,1.9,6.8
136,Drew Eubanks\eubandr01,PF,22,SAS,5,0,6.8,1.6,2.6,.615,0.0,0.0,,1.6,2.6,.615,.615,0.2,0.2,1.000,1.2,2.0,3.2,0.4,0.0,0.2,0.8,0.8,3.4
137,Jacob Evans\evansja02,SG,22,GSW,13,0,13.6,1.5,4.8,.306,0.5,1.2,.438,0.9,3.5,.261,.363,0.9,1.0,.923,0.2,1.1,1.3,0.9,0.2,0.3,1.1,1.5,4.4
138,Dante Exum\exumda01,SG,24,TOT,13,0,8.8,1.2,2.5,.485,0.2,0.6,.375,1.0,1.9,.520,.530,0.5,0.6,.750,0.2,0.8,1.1,0.6,0.4,0.2,1.0,0.7,3.2
138,Dante Exum\exumda01,SG,24,UTA,11,0,7.5,0.9,2.1,.435,0.2,0.5,.333,0.7,1.5,.471,.478,0.2,0.2,1.000,0.3,0.8,1.1,0.6,0.1,0.2,0.9,0.7,2.2
138,Dante Exum\exumda01,G,24,CLE,2,0,15.5,3.0,5.0,.600,0.5,1.0,.500,2.5,4.0,.625,.650,2.0,3.0,.667,0.0,1.0,1.0,0.5,2.0,0.0,1.5,0.5,8.5
139,Tacko Fall\fallta01,C,24,BOS,3,0,3.7,2.0,2.7,.750,0.0,0.0,,2.0,2.7,.750,.750,0.3,0.7,.500,0.0,2.3,2.3,0.0,0.0,0.7,1.0,1.0,4.3
140,Derrick Favors\favorde01,C,28,NOP,18,16,23.1,3.9,6.9,.560,0.1,0.2,.333,3.8,6.8,.566,.564,0.5,1.1,.474,3.4,6.6,10.0,2.3,0.6,0.8,1.4,2.4,8.3
141,Terrance Ferguson\fergute01,SF,21,OKC,26,26,26.9,1.8,4.7,.385,1.2,3.7,.326,0.6,1.0,.593,.512,0.3,0.3,.778,0.7,1.3,2.0,1.0,0.5,0.2,0.8,3.4,5.1
142,Bruno Fernando\fernabr01,C,21,ATL,33,6,11.9,1.5,3.1,.485,0.1,0.7,.167,1.4,2.4,.582,.505,0.6,1.0,.594,1.1,2.0,3.1,1.0,0.3,0.3,0.9,1.8,3.7
143,Yogi Ferrell\ferreyo01,PG,26,SAC,25,0,14.2,1.9,4.5,.425,0.4,1.6,.268,1.5,2.9,.514,.473,1.1,1.3,.875,0.2,1.2,1.4,1.8,0.4,0.1,0.8,0.9,5.4
144,Dorian Finney-Smith\finnedo01,PF,26,DAL,32,29,28.5,3.3,6.6,.491,1.4,3.7,.393,1.8,3.0,.611,.599,1.1,1.5,.708,1.8,3.4,5.2,1.4,0.6,0.5,0.9,2.0,9.0
145,Bryn Forbes\forbebr01,SG,26,SAS,31,31,25.8,4.1,9.9,.410,2.2,6.1,.363,1.8,3.8,.487,.523,1.3,1.5,.870,0.3,2.2,2.4,1.8,0.5,0.0,0.8,1.8,11.6
146,Evan Fournier\fournev01,SG,27,ORL,33,33,30.9,6.9,14.5,.480,2.7,6.4,.417,4.3,8.1,.530,.572,2.9,3.6,.800,0.1,2.5,2.7,3.2,1.0,0.2,2.0,2.4,19.5
147,De'Aaron Fox\foxde01,PG,22,SAC,15,13,29.5,6.2,13.1,.472,1.0,3.2,.313,5.2,9.9,.523,.510,4.2,6.0,.700,0.9,2.9,3.9,6.8,1.1,0.3,3.5,2.9,17.6
148,Melvin Frazier\frazime01,SG,23,ORL,8,0,2.9,0.4,1.4,.273,0.3,0.5,.500,0.1,0.9,.143,.364,0.1,0.3,.500,0.1,0.3,0.4,0.1,0.1,0.0,0.1,0.4,1.1
149,Tim Frazier\fraziti01,PG,29,DET,20,8,13.3,1.5,3.8,.382,0.5,1.2,.417,1.0,2.6,.365,.447,0.9,1.1,.818,0.3,0.8,1.1,3.6,0.6,0.1,1.1,1.6,4.3
150,Markelle Fultz\fultzma01,PG,21,ORL,32,27,26.3,4.6,9.9,.459,0.4,1.7,.264,4.1,8.3,.498,.481,1.6,2.2,.732,0.4,2.6,2.9,4.3,1.1,0.2,1.9,2.0,11.2
151,Wenyen Gabriel\gabriwe01,PF,22,SAC,8,0,6.1,0.6,2.0,.313,0.1,1.0,.125,0.5,1.0,.500,.344,0.6,1.1,.556,0.5,0.5,1.0,0.4,0.3,0.3,0.4,0.8,2.0
152,Daniel Gafford\gaffoda01,C,21,CHI,24,0,11.4,2.0,2.8,.701,0.0,0.0,,2.0,2.8,.701,.701,0.5,1.1,.500,1.0,1.0,1.9,0.3,0.1,1.2,0.3,1.7,4.5
153,Danilo Gallinari\gallida01,PF,31,OKC,27,27,30.5,5.6,12.9,.432,2.8,7.0,.395,2.8,5.8,.478,.540,4.1,4.6,.903,0.5,5.1,5.7,2.2,0.7,0.1,1.4,1.4,18.0
154,Langston Galloway\gallola01,SG,28,DET,34,6,26.2,3.6,8.4,.433,2.2,5.4,.407,1.4,3.0,.480,.563,1.6,1.7,.898,0.4,1.8,2.2,1.4,0.6,0.2,0.7,1.2,11.0
155,Darius Garland\garlada01,PG,20,CLE,32,32,28.2,4.3,10.8,.399,1.8,4.7,.371,2.6,6.1,.421,.480,0.9,1.1,.853,0.4,1.6,2.0,2.9,0.7,0.0,2.6,1.5,11.3
156,Marc Gasol\gasolma01,C,35,TOR,27,27,28.2,2.3,6.4,.364,1.1,3.3,.352,1.2,3.1,.376,.454,0.8,1.0,.750,0.9,5.8,6.6,3.4,0.8,1.1,1.2,3.1,6.6
157,Rudy Gay\gayru01,PF,33,SAS,31,5,22.8,4.0,8.8,.456,1.1,3.3,.320,3.0,5.5,.538,.516,1.8,2.1,.877,1.1,4.9,6.0,1.9,0.5,0.7,1.6,1.5,11.0
158,Paul George\georgpa01,SF,29,LAC,23,23,31.2,7.7,18.0,.431,3.7,9.3,.394,4.1,8.7,.470,.533,4.6,5.0,.913,0.5,5.5,6.0,3.6,1.4,0.5,3.3,2.5,23.7
159,Taj Gibson\gibsota01,C,34,NYK,30,24,16.0,2.0,4.2,.476,0.1,0.3,.200,1.9,3.9,.500,.484,0.3,0.6,.529,1.8,2.6,4.4,1.1,0.6,0.4,0.8,2.2,4.4
160,Harry Giles\gilesha01,PF,21,SAC,8,0,8.6,1.9,4.0,.469,0.0,0.0,,1.9,4.0,.469,.469,0.6,0.8,.833,0.4,0.9,1.3,1.0,0.4,0.5,0.6,2.3,4.4
161,Shai Gilgeous-Alexander\gilgesh01,SG,21,OKC,32,32,35.3,7.2,15.8,.456,1.3,3.7,.364,5.8,12.1,.484,.499,4.1,5.0,.807,0.7,4.3,5.0,2.8,1.2,0.4,2.1,1.8,19.8
162,Rudy Gobert\goberru01,C,27,UTA,31,31,34.6,5.7,8.4,.682,0.0,0.0,,5.7,8.4,.682,.682,3.4,5.5,.612,3.6,10.6,14.2,1.5,0.7,1.9,2.1,3.1,14.8
163,Brandon Goodwin\goodwbr01,PG,24,ATL,5,0,10.8,1.8,4.6,.391,0.8,2.0,.400,1.0,2.6,.385,.478,0.8,0.8,1.000,0.2,1.2,1.4,1.8,0.6,0.4,0.8,1.0,5.2
164,Aaron Gordon\gordoaa01,PF,24,ORL,29,29,31.1,4.9,12.2,.404,1.1,3.9,.292,3.8,8.3,.456,.451,2.2,3.1,.703,1.8,5.4,7.1,2.9,0.6,0.7,1.5,2.0,13.2
165,Eric Gordon\gordoer01,SG,31,HOU,10,3,28.7,4.0,12.2,.328,2.5,8.1,.309,1.5,4.1,.366,.430,1.3,2.2,.591,0.4,1.4,1.8,1.0,0.6,0.2,1.5,2.1,11.8
166,Devonte' Graham\grahade01,PG,24,CHO,35,25,34.7,6.1,16.0,.379,3.7,9.5,.392,2.3,6.5,.358,.496,3.2,4.0,.801,1.0,2.9,3.9,7.7,0.9,0.3,3.0,1.9,19.1
167,Treveon Graham\grahatr01,SG,26,MIN,29,20,21.1,2.0,5.6,.350,0.6,2.7,.231,1.3,2.9,.459,.405,0.9,1.2,.714,1.0,2.2,3.2,0.9,0.6,0.1,0.6,2.1,5.4
168,Jerami Grant\grantje01,PF,25,DEN,32,3,23.5,3.6,7.8,.462,1.4,3.3,.411,2.2,4.4,.500,.550,1.6,2.4,.662,0.5,2.8,3.2,0.9,0.5,0.7,0.8,1.8,10.2
169,Josh Gray\grayjo01,PG,26,NOP,2,0,11.5,0.5,1.0,.500,0.0,0.0,,0.5,1.0,.500,.500,0.0,0.0,,0.5,0.5,1.0,1.0,0.0,0.0,2.5,0.5,1.0
170,Danny Green\greenda02,SG,32,LAL,33,33,25.4,2.9,7.0,.414,1.9,5.2,.376,1.0,1.9,.516,.552,0.6,0.7,.792,0.7,3.0,3.7,1.2,1.2,0.5,0.9,2.3,8.3
171,Draymond Green\greendr01,PF,29,GSW,24,24,29.3,3.4,8.3,.410,0.8,2.8,.294,2.6,5.5,.470,.460,1.9,2.5,.738,0.6,5.7,6.3,5.6,1.6,0.7,2.4,2.6,9.5
172,JaMychal Green\greenja01,PF,29,LAC,25,0,20.6,2.4,6.0,.400,1.5,4.1,.359,0.9,1.9,.489,.523,0.8,0.9,.826,1.3,5.0,6.3,0.6,0.6,0.3,0.8,2.4,7.0
173,Javonte Green\greenja02,SF,26,BOS,24,0,7.6,1.2,2.1,.569,0.1,0.5,.231,1.1,1.6,.684,.598,0.2,0.3,.571,0.3,1.0,1.3,0.3,0.2,0.2,0.3,0.8,2.7
174,Jeff Green\greenje02,PF,33,UTA,30,2,18.4,2.5,6.5,.385,1.1,3.5,.327,1.4,3.0,.451,.472,1.6,2.1,.778,0.5,2.2,2.7,0.7,0.4,0.3,0.9,1.5,7.8
175,Blake Griffin\griffbl01,PF,30,DET,18,18,28.4,4.9,13.9,.352,1.5,6.2,.243,3.4,7.7,.439,.406,4.2,5.4,.776,0.9,3.7,4.7,3.3,0.4,0.4,2.2,1.5,15.5
176,Marko Guduric\gudurma01,SG,24,MEM,26,0,14.7,1.8,4.8,.373,0.7,2.5,.281,1.1,2.4,.468,.444,0.6,0.7,.882,0.5,1.6,2.0,1.4,0.3,0.2,1.1,1.0,4.9
177,Rui Hachimura\hachiru01,PF,21,WAS,25,25,29.2,5.8,12.1,.482,0.4,1.9,.208,5.4,10.2,.533,.498,1.8,2.2,.852,1.6,4.2,5.8,1.6,0.7,0.1,0.8,2.3,13.9
178,Devon Hall\hallde01,SG,24,OKC,5,0,4.0,0.2,1.0,.200,0.0,0.4,.000,0.2,0.6,.333,.200,0.6,0.8,.750,0.0,0.2,0.2,0.6,0.0,0.0,0.2,0.2,1.0
179,Tim Hardaway\hardati02,SG,27,DAL,32,19,25.5,4.8,11.4,.419,2.6,6.8,.382,2.2,4.6,.473,.533,1.6,1.9,.806,0.3,2.3,2.6,1.7,0.6,0.1,0.9,1.6,13.7
180,James Harden\hardeja01,SG,30,HOU,32,32,37.7,11.3,24.6,.458,5.2,13.7,.378,6.1,10.9,.559,.563,10.7,12.3,.865,1.0,4.9,5.9,7.5,1.9,0.8,4.7,3.3,38.3
181,Maurice Harkless\harklma01,SF,26,LAC,34,23,23.2,2.2,4.4,.493,0.5,1.5,.346,1.6,2.9,.571,.553,0.6,1.0,.576,0.9,2.7,3.6,1.1,1.1,0.7,0.9,2.6,5.4
182,Jared Harper\harpeja01,PG,22,PHO,1,0,2.0,0.0,1.0,.000,0.0,1.0,.000,0.0,0.0,,.000,0.0,0.0,,0.0,0.0,0.0,0.0,0.0,0.0,0.0,0.0,0.0
183,Montrezl Harrell\harremo01,C,26,LAC,33,2,29.2,7.8,13.5,.575,0.0,0.4,.000,7.8,13.2,.591,.575,3.4,5.1,.663,2.9,4.5,7.5,1.9,0.7,1.2,1.9,2.3,19.0
184,Gary Harris\harriga01,SG,25,DEN,31,31,32.9,4.3,9.8,.436,1.5,4.3,.341,2.8,5.6,.509,.510,1.3,1.6,.820,0.5,2.3,2.8,2.2,1.4,0.3,1.0,2.3,11.4
185,Joe Harris\harrijo01,SF,28,BRK,32,32,31.9,5.5,11.7,.475,2.7,6.3,.430,2.8,5.4,.526,.590,0.9,1.2,.757,0.8,3.3,4.1,2.1,0.6,0.3,1.3,2.3,14.6
186,Tobias Harris\harrito02,PF,27,PHI,35,35,34.4,7.7,15.9,.486,1.6,4.6,.340,6.1,11.3,.546,.535,2.7,3.3,.795,0.8,5.9,6.7,3.1,0.8,0.7,1.7,2.4,19.7
187,Shaquille Harrison\harrish01,SF,26,CHI,20,4,7.8,1.0,2.6,.385,0.2,0.5,.300,0.9,2.1,.405,.413,0.7,1.0,.650,0.3,1.4,1.7,1.2,0.5,0.3,0.3,1.0,2.8
188,Josh Hart\hartjo01,SF,24,NOP,27,4,27.7,3.7,9.0,.407,2.2,6.3,.353,1.4,2.7,.534,.531,1.3,1.7,.766,0.9,5.0,5.9,1.5,1.0,0.3,1.3,2.7,10.9
189,Isaiah Hartenstein\harteis01,C,21,HOU,11,1,14.7,2.2,3.1,.706,0.0,0.1,.000,2.2,3.0,.727,.706,1.0,1.4,.733,1.4,3.0,4.4,0.9,0.4,0.5,0.9,2.3,5.4
190,Udonis Haslem\hasleud01,PF,39,MIA,2,0,5.5,0.5,0.5,1.000,0.0,0.0,,0.5,0.5,1.000,1.000,1.5,2.0,.750,0.0,1.5,1.5,0.0,0.0,0.0,0.0,1.5,2.5
191,Jaxson Hayes\hayesja02,C,19,NOP,31,10,20.2,3.1,4.9,.629,0.0,0.1,.250,3.0,4.7,.639,.632,2.0,3.1,.653,1.8,2.7,4.6,0.8,0.6,1.1,0.8,3.0,8.2
192,Gordon Hayward\haywago01,SF,29,BOS,14,14,30.5,6.6,12.5,.526,1.3,3.7,.346,5.3,8.8,.602,.577,1.8,2.1,.833,0.7,5.2,5.9,4.4,0.8,0.5,1.6,1.9,16.2
193,John Henson\hensojo01,PF,29,CLE,14,0,12.7,1.7,3.2,.533,0.1,0.9,.167,1.6,2.4,.667,.556,0.4,1.2,.353,0.9,2.5,3.4,1.4,0.6,1.4,0.8,1.6,4.0
194,Dewan Hernandez\hernade01,C,23,TOR,4,0,2.8,0.3,1.3,.200,0.0,0.3,.000,0.3,1.0,.250,.200,0.5,0.5,1.000,0.5,1.3,1.8,0.0,0.3,0.0,0.3,1.5,1.0
195,Juan Hernangómez\hernaju01,PF,24,DEN,20,0,12.8,1.3,3.5,.357,0.6,2.3,.267,0.7,1.3,.520,.443,0.4,0.8,.533,0.6,1.9,2.5,0.7,0.1,0.2,0.5,0.8,3.5
196,Willy Hernangómez\hernawi01,C,25,CHO,11,0,6.3,1.0,2.4,.423,0.2,0.6,.286,0.8,1.7,.474,.462,0.5,1.1,.500,0.9,1.3,2.2,0.3,0.1,0.3,0.5,0.5,2.7
197,Tyler Herro\herroty01,SG,20,MIA,32,3,28.6,5.0,11.8,.420,2.1,5.3,.386,2.9,6.5,.447,.507,1.7,2.0,.857,0.3,4.0,4.3,2.1,0.7,0.1,1.9,1.3,13.7
198,Kevin Hervey\herveke01,F,23,OKC,2,0,4.0,0.0,2.0,.000,0.0,1.5,.000,0.0,0.5,.000,.000,0.0,0.0,,0.0,1.0,1.0,0.5,0.0,0.0,0.0,0.5,0.0
199,Mario Hezonja\hezonma01,PF,24,POR,25,4,16.6,1.4,4.0,.350,0.4,1.3,.313,1.0,2.7,.368,.400,1.0,1.2,.828,0.6,3.7,4.3,0.9,0.5,0.1,0.8,2.2,4.2
200,Buddy Hield\hieldbu01,SG,27,SAC,33,33,34.2,7.5,18.0,.414,3.6,10.1,.360,3.8,7.9,.483,.515,1.7,2.1,.812,0.9,4.1,5.0,3.0,0.8,0.3,2.5,2.5,20.2
201,George Hill\hillge01,PG,33,MIL,33,0,21.5,3.7,6.6,.562,1.6,3.1,.529,2.1,3.5,.590,.685,1.3,1.5,.843,1.0,2.2,3.2,3.0,0.8,0.1,0.9,1.4,10.4
202,Solomon Hill\hillso01,SF,28,MEM,32,2,19.7,2.2,5.3,.409,1.3,3.2,.392,0.9,2.2,.435,.526,0.5,0.8,.708,0.6,2.7,3.3,1.8,0.8,0.2,0.9,1.6,6.2
203,Jaylen Hoard\hoardja01,SF,20,POR,5,0,3.6,0.6,1.2,.500,0.0,0.0,,0.6,1.2,.500,.500,0.2,0.4,.500,0.6,0.8,1.4,0.4,0.2,0.0,0.0,0.2,1.4
204,Aaron Holiday\holidaa01,PG,23,IND,31,14,23.2,4.0,9.3,.436,1.7,4.0,.424,2.3,5.2,.444,.528,1.2,1.3,.878,0.4,2.2,2.5,3.1,0.9,0.1,1.4,1.7,10.9
205,Jrue Holiday\holidjr01,SG,29,NOP,32,32,35.7,8.0,18.0,.442,2.0,5.8,.348,6.0,12.3,.486,.497,1.9,2.8,.689,1.4,3.5,4.9,6.5,1.8,0.8,3.1,2.2,19.9
206,Justin Holiday\holidju01,SG,30,IND,33,2,25.1,2.6,6.6,.393,1.5,4.2,.365,1.1,2.5,.439,.507,0.6,0.8,.800,0.5,3.2,3.6,1.5,1.1,0.5,0.5,1.6,7.3
207,Rondae Hollis-Jefferson\holliro01,SF,25,TOR,25,0,19.6,3.0,6.1,.493,0.1,0.4,.200,2.9,5.7,.514,.500,2.0,2.7,.750,2.2,3.0,5.2,1.5,0.8,0.4,1.1,2.2,8.1
208,Richaun Holmes\holmeri01,C,26,SAC,33,29,29.3,5.5,8.2,.667,0.0,0.0,,5.5,8.2,.667,.667,1.9,2.4,.821,3.1,5.5,8.5,1.1,1.1,1.3,1.2,4.1,12.8
209,Rodney Hood\hoodro01,SF,27,POR,21,21,29.5,4.1,8.2,.506,1.7,3.4,.493,2.5,4.8,.515,.608,1.0,1.3,.778,0.5,3.0,3.4,1.5,0.8,0.2,0.9,2.2,11.0
210,Al Horford\horfoal01,C,33,PHI,31,31,30.5,5.2,11.3,.460,1.4,4.0,.344,3.8,7.3,.524,.521,0.9,1.3,.692,1.6,5.0,6.6,3.8,1.0,1.0,1.1,2.4,12.6
211,Talen Horton-Tucker\hortota01,SG,19,LAL,2,0,2.5,0.0,0.5,.000,0.0,0.5,.000,0.0,0.0,,.000,0.0,0.0,,0.0,0.0,0.0,1.0,0.5,0.0,0.0,0.0,0.0
212,Danuel House\houseda01,SF,26,HOU,27,25,30.8,4.0,9.0,.440,2.2,5.8,.385,1.7,3.2,.540,.564,1.3,1.7,.761,1.2,2.9,4.1,1.3,1.0,0.6,1.0,2.2,11.4
213,Dwight Howard\howardw01,C,34,LAL,33,0,19.6,2.9,3.8,.762,0.0,0.1,.333,2.9,3.7,.772,.766,1.2,2.5,.488,2.2,4.7,6.9,0.7,0.4,1.4,1.2,3.5,7.1
214,Kevin Huerter\huertke01,SG,21,ATL,23,15,25.6,3.4,8.7,.390,1.7,5.0,.348,1.7,3.7,.447,.490,1.3,1.6,.833,0.5,2.9,3.3,3.4,1.0,0.5,1.8,2.2,9.8
215,De'Andre Hunter\huntede01,SF,22,ATL,33,32,31.8,4.6,11.5,.399,1.7,4.9,.344,2.9,6.5,.442,.474,1.8,2.3,.766,0.5,3.4,3.9,1.8,0.7,0.3,1.7,2.6,12.6
216,Chandler Hutchison\hutchch01,SF,23,CHI,9,6,17.1,2.2,4.9,.455,0.6,1.3,.417,1.7,3.6,.469,.511,2.1,3.2,.655,0.1,3.6,3.7,0.9,0.6,0.2,1.3,1.3,7.1
217,Serge Ibaka\ibakase01,C,30,TOR,23,6,24.7,5.5,11.3,.483,0.8,2.5,.333,4.7,8.9,.525,.519,2.0,2.7,.770,2.1,5.8,7.9,1.3,0.5,0.9,2.0,2.7,13.8
218,Ersan İlyasova\ilyaser01,PF,32,MIL,32,4,17.0,3.1,5.9,.524,1.0,2.6,.390,2.1,3.3,.626,.608,1.3,1.6,.788,1.3,4.2,5.5,1.0,0.4,0.3,0.6,1.4,8.5
219,Joe Ingles\inglejo01,SF,32,UTA,33,13,29.9,3.5,8.0,.442,2.1,5.1,.405,1.5,2.9,.505,.570,1.1,1.3,.795,0.4,4.0,4.5,4.3,0.9,0.2,2.1,2.3,10.2
220,Brandon Ingram\ingrabr01,PF,22,NOP,30,30,34.1,9.0,18.3,.491,2.3,5.7,.409,6.6,12.6,.528,.555,5.0,5.8,.857,0.8,6.2,7.0,3.9,1.0,0.8,2.9,2.9,25.3
221,Kyrie Irving\irvinky01,PG,27,BRK,11,11,33.8,10.2,22.9,.444,2.8,8.3,.341,7.4,14.6,.503,.506,5.4,5.7,.937,0.9,4.5,5.4,7.2,1.1,0.5,2.4,2.9,28.5
222,Jonathan Isaac\isaacjo01,SF,22,ORL,31,31,30.5,4.8,10.3,.463,1.0,2.9,.330,3.8,7.4,.515,.509,1.8,2.4,.767,1.8,5.3,7.1,1.4,1.6,2.5,1.5,2.5,12.3
223,Wesley Iwundu\iwundwe01,SF,25,ORL,19,4,14.5,0.9,3.3,.286,0.1,0.9,.056,0.9,2.4,.378,.294,1.0,1.2,.864,0.5,1.6,2.1,0.9,0.5,0.3,0.5,1.1,2.9
224,Frank Jackson\jacksfr01,PG,21,NOP,27,1,13.1,2.0,5.5,.369,0.7,2.6,.290,1.3,3.0,.438,.436,1.0,1.2,.813,0.2,1.0,1.2,0.9,0.3,0.0,0.9,1.4,5.8
225,Jaren Jackson\jacksja02,C,20,MEM,33,33,27.8,6.4,13.5,.471,2.5,6.4,.396,3.8,7.1,.538,.565,2.3,3.1,.755,1.0,3.7,4.7,1.5,0.6,1.3,1.8,4.0,17.6
226,Justin Jackson\jacksju01,PF,24,DAL,28,0,14.8,2.3,5.3,.423,0.9,2.7,.333,1.4,2.6,.514,.507,0.6,0.8,.762,0.4,2.0,2.5,0.6,0.2,0.1,0.2,1.2,6.0
227,Reggie Jackson\jacksre01,PG,29,DET,2,2,18.0,2.0,5.5,.364,0.5,2.5,.200,1.5,3.0,.500,.409,0.5,0.5,1.000,0.5,2.0,2.5,4.0,0.0,0.0,0.5,1.0,5.0
228,Justin James\jamesju01,SG,23,SAC,15,0,11.7,1.7,4.0,.417,0.4,1.4,.286,1.3,2.6,.487,.467,0.1,0.6,.222,0.2,1.5,1.7,0.7,0.3,0.5,0.5,0.9,3.9
229,LeBron James\jamesle01,PG,35,LAL,32,32,35.0,9.6,19.8,.487,2.2,6.3,.345,7.5,13.5,.553,.542,3.7,5.4,.688,1.0,6.5,7.5,10.8,1.3,0.6,3.8,1.9,25.1
230,Amile Jefferson\jeffeam01,PF,26,ORL,9,0,3.0,0.3,0.6,.600,0.0,0.0,,0.3,0.6,.600,.600,0.0,0.2,.000,0.3,0.4,0.8,0.2,0.0,0.1,0.2,0.4,0.7
231,DaQuan Jeffries\jeffrda01,SG,22,SAC,2,0,5.5,0.5,0.5,1.000,0.0,0.0,,0.5,0.5,1.000,1.000,0.0,0.0,,0.5,0.0,0.5,0.5,0.0,0.0,0.0,0.5,1.0
232,Ty Jerome\jeromty01,PG,22,PHO,10,0,13.4,1.6,4.9,.327,0.6,2.0,.300,1.0,2.9,.345,.388,0.4,0.5,.800,0.3,1.4,1.7,2.2,1.1,0.0,0.9,1.3,4.2
233,Alize Johnson\johnsal02,SF,23,IND,10,0,4.3,0.7,1.3,.538,0.0,0.0,,0.7,1.3,.538,.538,0.3,0.4,.750,0.6,0.9,1.5,0.2,0.0,0.0,0.1,0.6,1.7
234,B.J. Johnson\johnsbj01,SF,24,ORL,1,0,3.0,0.0,0.0,,0.0,0.0,,0.0,0.0,,,0.0,0.0,,0.0,0.0,0.0,0.0,0.0,0.0,0.0,0.0,0.0
235,Cameron Johnson\johnsca02,PF,23,PHO,30,0,21.0,3.0,7.0,.435,2.0,4.9,.415,1.0,2.1,.484,.581,0.8,1.0,.793,1.0,2.2,3.2,1.0,0.5,0.3,0.7,1.6,8.9
236,James Johnson\johnsja01,PF,32,MIA,6,0,11.3,1.3,3.0,.444,0.3,1.5,.222,1.0,1.5,.667,.500,0.3,0.7,.500,0.3,1.5,1.8,0.7,0.5,0.3,0.7,0.8,3.3
237,Keldon Johnson\johnske04,SF,20,SAS,1,0,2.0,0.0,1.0,.000,0.0,0.0,,0.0,1.0,.000,.000,0.0,0.0,,0.0,0.0,0.0,0.0,0.0,0.0,0.0,0.0,0.0
238,Stanley Johnson\johnsst04,PF,23,TOR,7,0,3.6,0.9,1.9,.462,0.1,0.6,.250,0.7,1.3,.556,.500,0.0,0.0,,0.3,1.0,1.3,0.0,0.3,0.0,0.7,0.9,1.9
239,Tyler Johnson\johnsty01,SG,27,PHO,22,3,18.3,2.1,5.6,.382,0.9,2.8,.311,1.3,2.8,.452,.459,0.9,1.2,.769,0.4,1.6,2.0,2.0,0.4,0.3,0.9,1.5,6.0
240,Nikola Jokić\jokicni01,C,24,DEN,32,32,31.2,7.1,14.3,.498,1.3,4.0,.310,5.9,10.3,.571,.541,2.5,3.1,.810,2.3,7.7,10.0,6.8,1.0,0.6,2.5,3.1,18.0
241,Damian Jones\jonesda03,C,24,ATL,31,19,17.4,2.7,3.9,.689,0.1,0.2,.333,2.6,3.7,.707,.697,1.2,1.7,.698,1.5,2.2,3.7,0.7,0.4,0.9,0.6,3.1,6.7
242,Derrick Jones\jonesde02,SF,22,MIA,19,0,23.1,2.9,5.6,.523,0.5,2.0,.237,2.5,3.6,.681,.565,1.8,2.5,.723,0.8,2.9,3.7,1.0,1.2,0.5,0.8,2.4,8.2
243,Tyus Jones\jonesty01,PG,23,MEM,34,6,19.8,2.6,6.0,.434,0.5,1.6,.321,2.1,4.4,.477,.478,0.6,0.8,.750,0.1,1.5,1.6,4.8,0.9,0.1,1.0,0.8,6.4
244,DeAndre Jordan\jordade01,C,31,BRK,29,3,21.3,3.2,5.0,.644,0.0,0.0,,3.2,5.0,.644,.644,1.6,2.3,.662,2.4,7.6,10.0,2.1,0.4,1.0,1.2,2.0,8.0
245,Cory Joseph\josepco01,PG,28,SAC,33,20,26.8,2.4,6.4,.377,0.5,2.0,.273,1.9,4.4,.425,.420,0.8,0.8,.893,0.6,2.2,2.8,3.9,0.7,0.4,1.3,2.1,6.2
246,Mfiondu Kabengele\kabenmf01,C,22,LAC,10,0,4.4,1.0,2.2,.455,0.6,1.2,.500,0.4,1.0,.400,.591,0.3,0.3,1.000,0.1,0.7,0.8,0.1,0.1,0.1,0.1,0.6,2.9
247,Frank Kaminsky\kaminfr01,C,26,PHO,32,13,22.4,4.0,8.7,.455,1.2,3.5,.348,2.8,5.2,.527,.525,1.8,2.8,.670,0.9,4.0,4.9,2.2,0.4,0.3,1.0,2.2,11.0
248,Enes Kanter\kanteen01,C,27,BOS,23,3,17.5,3.5,6.2,.570,0.0,0.1,.333,3.5,6.0,.576,.574,1.3,2.0,.667,3.0,4.5,7.5,1.1,0.6,0.6,0.8,1.5,8.4
249,Luke Kennard\kennalu01,SG,23,DET,28,25,32.9,5.4,12.2,.442,2.6,6.5,.399,2.8,5.7,.491,.548,2.4,2.7,.893,0.3,3.2,3.5,4.1,0.4,0.2,1.5,2.3,15.8
250,Stanton Kidd\kiddst01,SF,27,UTA,4,0,3.8,0.0,0.8,.000,0.0,0.3,.000,0.0,0.5,.000,.000,0.0,0.0,,0.0,0.8,0.8,0.3,0.0,0.0,0.5,0.8,0.0
251,Michael Kidd-Gilchrist\kiddgmi01,PF,26,CHO,11,0,13.7,1.5,4.6,.333,0.5,1.5,.294,1.1,3.1,.353,.382,0.6,0.8,.778,0.8,2.3,3.1,0.8,0.0,0.3,0.6,1.6,4.2
252,Louis King\kinglo02,F,20,DET,3,0,3.0,1.0,2.3,.429,0.3,1.0,.333,0.7,1.3,.500,.500,0.0,0.0,,0.3,0.3,0.7,0.3,0.3,0.0,0.3,0.3,2.3
253,Maxi Kleber\klebima01,C,28,DAL,31,5,23.7,2.8,6.3,.444,1.4,3.7,.383,1.4,2.6,.531,.556,1.0,1.2,.889,1.6,3.7,5.3,1.0,0.3,0.7,0.8,2.2,8.1
254,Brandon Knight\knighbr03,PG,28,CLE,10,0,11.4,1.6,4.7,.340,1.2,3.5,.343,0.4,1.2,.333,.468,0.3,0.8,.375,0.1,0.7,0.8,1.6,0.4,0.1,0.8,0.9,4.7
255,Kevin Knox\knoxke01,SF,20,NYK,32,4,20.1,2.7,7.0,.384,1.3,3.7,.347,1.4,3.3,.425,.475,1.3,1.9,.683,0.4,2.6,2.9,1.2,0.6,0.5,0.8,1.6,7.9
256,John Konchar\konchjo01,SG,23,MEM,2,0,4.0,0.0,0.0,,0.0,0.0,,0.0,0.0,,,0.0,0.0,,0.0,0.5,0.5,0.0,0.0,0.0,0.0,0.0,0.0
257,Furkan Korkmaz\korkmfu01,SG,22,PHI,34,11,20.8,3.1,7.1,.432,1.6,4.3,.379,1.4,2.8,.510,.546,0.6,0.7,.760,0.2,2.1,2.3,0.8,0.6,0.2,0.7,1.4,8.3
258,Luke Kornet\kornelu01,C,24,CHI,17,0,8.9,1.0,2.9,.340,0.4,1.7,.241,0.6,1.2,.476,.410,0.3,0.3,1.000,0.4,1.1,1.4,0.4,0.1,0.6,0.2,0.8,2.7
259,Kyle Korver\korveky01,SF,38,MIL,30,0,16.7,2.1,5.0,.411,1.7,4.1,.407,0.4,0.9,.429,.576,0.5,0.6,.842,0.2,1.6,1.8,1.1,0.5,0.2,0.8,1.1,6.3
260,Rodions Kurucs\kurucro01,PF,21,BRK,17,0,10.6,1.1,2.4,.439,0.4,0.9,.467,0.6,1.5,.423,.524,0.3,0.6,.500,0.5,1.8,2.3,0.5,0.4,0.1,1.1,1.6,2.8
261,Kyle Kuzma\kuzmaky01,PF,24,LAL,24,1,23.6,4.4,10.1,.432,1.7,4.7,.354,2.7,5.4,.500,.514,1.5,2.1,.720,0.5,3.0,3.5,0.8,0.4,0.4,1.6,1.7,11.9
262,Skal Labissière\labissk01,C,23,POR,33,1,17.2,2.5,4.5,.551,0.1,0.4,.231,2.4,4.1,.582,.561,0.8,1.0,.758,2.0,3.2,5.1,1.3,0.2,0.9,0.9,2.7,5.8
263,Jeremy Lamb\lambje01,SG,27,IND,22,22,30.3,5.2,11.6,.447,1.1,3.7,.293,4.1,7.9,.520,.494,2.2,2.6,.845,0.5,4.1,4.7,2.4,1.3,0.6,1.5,2.2,13.7
264,Romeo Langford\langfro01,SG,20,BOS,7,0,12.3,1.0,2.6,.389,0.3,1.3,.222,0.7,1.3,.556,.444,0.4,0.6,.750,0.6,0.4,1.0,0.1,0.4,0.3,0.3,0.9,2.7
265,Zach LaVine\lavinza01,SG,24,CHI,34,34,33.3,7.9,18.5,.427,3.1,7.8,.398,4.8,10.7,.448,.510,4.5,5.4,.832,0.7,3.9,4.6,3.9,1.3,0.4,3.4,2.3,23.4
266,Jake Layman\laymaja01,PF,25,MIN,14,2,26.4,4.4,9.4,.462,1.4,3.9,.352,3.0,5.6,.538,.534,0.4,0.7,.600,0.9,2.1,2.9,0.8,0.9,0.7,1.3,2.2,10.5
267,T.J. Leaf\leaftj01,PF,22,IND,20,1,8.6,1.4,3.1,.435,0.3,0.7,.385,1.1,2.5,.449,.476,0.3,0.5,.600,1.0,1.9,2.9,0.3,0.4,0.2,0.3,0.8,3.3
268,Courtney Lee\leeco01,SG,34,DAL,8,3,8.6,1.6,2.8,.591,0.9,1.5,.583,0.8,1.3,.600,.750,0.0,0.0,,0.0,0.4,0.4,0.4,0.0,0.3,0.3,0.6,4.1
269,Damion Lee\leeda03,SG,27,GSW,20,7,25.3,4.0,9.5,.416,1.4,3.6,.375,2.6,5.9,.441,.487,3.0,3.4,.881,1.0,4.4,5.4,2.2,0.8,0.0,1.2,1.9,12.2
270,Alex Len\lenal01,C,26,ATL,32,9,18.0,3.6,6.3,.564,0.4,1.4,.311,3.1,4.9,.637,.599,1.1,1.8,.625,1.6,3.8,5.4,1.2,0.5,0.7,1.0,2.3,8.7
271,Kawhi Leonard\leonaka01,SF,28,LAC,25,25,31.8,8.9,19.6,.455,1.8,4.9,.369,7.1,14.7,.484,.501,6.0,6.8,.882,1.2,6.7,7.8,5.1,1.8,0.6,3.4,2.0,25.6
272,Meyers Leonard\leoname01,PF,27,MIA,33,33,19.0,2.3,4.2,.555,0.9,1.9,.469,1.4,2.2,.630,.664,0.3,0.5,.667,0.6,4.1,4.7,1.0,0.2,0.4,0.8,2.1,5.8
273,Caris LeVert\leverca01,SG,25,BRK,9,9,31.6,6.6,15.6,.421,1.4,4.0,.361,5.1,11.6,.442,.468,2.2,3.4,.645,1.1,3.9,5.0,4.0,0.7,0.1,3.4,2.2,16.8
274,Damian Lillard\lillada01,PG,29,POR,32,32,36.8,8.4,19.0,.444,3.4,9.6,.358,5.0,9.4,.532,.535,6.9,7.8,.887,0.5,3.7,4.1,7.6,1.0,0.4,2.9,2.0,27.2
275,Nassir Little\littlna01,PF,19,POR,23,3,14.0,1.4,3.5,.400,0.2,1.3,.167,1.2,2.2,.540,.431,0.7,1.1,.654,0.9,2.0,3.0,0.6,0.3,0.3,0.5,1.7,3.7
276,Kevon Looney\looneke01,C,23,GSW,10,3,10.5,1.1,3.2,.344,0.1,0.2,.500,1.0,3.0,.333,.359,0.3,0.5,.600,1.5,1.4,2.9,0.4,0.3,0.2,0.6,1.7,2.6
277,Brook Lopez\lopezbr01,C,31,MIL,33,33,26.4,3.6,9.0,.404,1.5,4.8,.306,2.2,4.2,.518,.487,1.6,1.8,.898,0.7,4.2,4.9,1.5,0.7,2.4,1.0,2.3,10.4
278,Robin Lopez\lopezro01,C,31,MIL,35,2,14.5,2.4,4.6,.519,0.5,1.6,.291,1.9,3.0,.638,.569,0.5,0.9,.545,1.0,1.7,2.7,0.7,0.2,0.7,1.0,1.5,5.7
279,Kevin Love\loveke01,PF,31,CLE,27,27,30.6,5.4,12.0,.451,2.4,6.3,.385,3.0,5.7,.523,.551,3.5,4.2,.841,1.0,9.6,10.6,2.9,0.6,0.4,2.7,1.3,16.7
280,Kyle Lowry\lowryky01,PG,33,TOR,22,22,38.1,6.2,14.6,.427,3.1,8.3,.372,3.1,6.3,.500,.533,5.2,6.0,.865,0.5,4.4,5.0,7.5,1.2,0.4,3.4,3.0,20.8
281,Timothé Luwawu-Cabarrot\luwawti01,SG,24,BRK,10,0,16.9,1.6,4.1,.390,0.8,2.1,.381,0.8,2.0,.400,.488,0.9,1.2,.750,0.3,1.9,2.2,0.6,0.5,0.1,1.1,1.5,4.9
282,Trey Lyles\lylestr01,PF,24,SAS,31,21,17.1,1.8,4.1,.444,0.8,2.2,.362,1.0,1.8,.544,.544,0.3,0.4,.615,1.1,4.5,5.6,1.3,0.3,0.4,0.6,1.1,4.7
283,Daryl Macon\maconda01,SG,24,MIA,4,0,3.5,0.3,0.8,.333,0.3,0.5,.500,0.0,0.3,.000,.500,0.0,0.0,,0.0,0.0,0.0,0.3,0.0,0.0,0.5,0.3,0.8
284,Josh Magette\magetjo01,PG,30,ORL,4,0,3.0,0.8,1.8,.429,0.0,0.0,,0.8,1.8,.429,.429,0.3,0.5,.500,0.3,0.5,0.8,0.5,0.5,0.0,0.8,0.0,1.8
285,Ian Mahinmi\mahinia01,C,33,WAS,12,9,21.3,3.3,6.0,.542,0.3,0.9,.273,3.0,5.1,.590,.563,2.3,3.8,.587,2.6,3.6,6.2,0.9,0.8,1.4,1.4,3.0,9.0
286,Thon Maker\makerth01,C,22,DET,32,3,11.1,1.1,2.2,.493,0.3,0.7,.381,0.8,1.6,.540,.549,1.1,1.7,.660,0.6,1.3,1.9,0.4,0.3,0.6,0.6,1.3,3.5
287,Terance Mann\mannte01,SG,23,LAC,22,5,9.2,1.0,1.9,.500,0.1,0.4,.222,0.9,1.5,.576,.524,0.4,0.5,.800,0.1,1.0,1.1,1.3,0.3,0.1,0.5,1.2,2.4
288,Boban Marjanović\marjabo01,C,31,DAL,15,1,9.5,2.1,3.9,.525,0.0,0.2,.000,2.1,3.7,.554,.525,0.9,1.3,.700,1.0,3.0,4.0,0.5,0.1,0.2,0.8,1.5,5.1
289,Lauri Markkanen\markkla01,PF,22,CHI,34,34,30.1,5.0,11.9,.419,2.1,6.2,.346,2.9,5.7,.497,.509,2.9,3.6,.818,1.1,5.5,6.6,1.6,0.9,0.6,1.8,2.0,15.1
290,Caleb Martin\martica02,SF,24,CHO,5,0,6.4,0.6,2.0,.300,0.0,0.6,.000,0.6,1.4,.429,.300,0.6,1.0,.600,0.2,0.8,1.0,0.6,0.2,0.4,0.6,0.6,1.8
291,Cody Martin\martico01,SF,24,CHO,26,0,15.1,1.3,3.3,.402,0.3,1.3,.206,1.1,2.0,.528,.443,1.1,1.6,.690,0.5,2.2,2.7,1.3,0.8,0.2,0.6,1.6,4.1
292,Kelan Martin\martike03,SF,24,MIN,13,1,16.0,2.2,5.8,.387,0.9,3.2,.293,1.3,2.6,.500,.467,0.2,0.2,1.000,0.3,2.9,3.2,0.4,0.2,0.2,0.4,2.1,5.5
293,Frank Mason\masonfr01,PG,25,MIL,4,0,4.5,0.3,1.8,.143,0.3,1.0,.250,0.0,0.8,.000,.214,0.5,1.0,.500,0.3,0.3,0.5,1.3,0.3,0.0,0.3,0.5,1.3
294,Garrison Mathews\mathega01,SG,23,WAS,11,0,11.8,1.3,2.7,.467,1.0,2.4,.423,0.3,0.4,.750,.650,1.7,1.9,.905,0.5,1.3,1.7,0.5,0.2,0.1,0.5,1.6,5.3
295,Wesley Matthews\matthwe02,SG,33,MIL,33,33,23.9,2.6,6.1,.431,1.6,4.2,.380,1.1,2.0,.538,.559,0.9,1.2,.795,0.2,2.2,2.4,1.4,0.7,0.2,0.7,1.5,7.8
296,Patrick McCaw\mccawpa01,SF,24,TOR,12,6,26.6,2.5,5.3,.469,1.0,2.7,.375,1.5,2.7,.563,.563,0.3,0.3,.750,0.6,1.8,2.4,1.8,1.3,0.1,1.3,1.7,6.3
297,CJ McCollum\mccolcj01,SG,28,POR,34,34,36.7,8.9,19.5,.457,2.6,7.1,.373,6.3,12.4,.505,.525,1.9,2.3,.823,0.7,3.6,4.3,3.7,0.8,0.7,1.9,2.6,22.4
298,T.J. McConnell\mccontj01,PG,27,IND,31,0,18.2,3.2,6.3,.510,0.1,0.3,.300,3.1,6.0,.522,.518,0.5,0.5,.824,0.5,2.2,2.6,5.0,0.6,0.2,1.4,1.1,7.0
299,Jalen McDaniels\mcdanja01,PF,22,CHO,2,0,3.5,1.0,2.5,.400,0.0,0.5,.000,1.0,2.0,.500,.400,0.0,0.0,,0.5,0.0,0.5,0.0,0.0,0.0,0.0,0.0,2.0
300,Doug McDermott\mcderdo01,PF,28,IND,33,0,21.1,3.6,7.7,.472,1.9,4.2,.460,1.7,3.5,.487,.596,0.6,0.7,.792,0.5,2.4,2.8,1.2,0.1,0.1,0.7,1.9,9.8
301,JaVale McGee\mcgeeja01,C,32,LAL,33,33,16.4,3.2,4.9,.638,0.0,0.0,1.000,3.1,4.9,.636,.641,0.7,1.1,.629,1.9,3.9,5.9,0.6,0.5,1.5,0.8,2.4,7.0
302,Rodney McGruder\mcgruro01,SG,28,LAC,22,2,17.3,1.5,3.8,.381,0.7,2.3,.314,0.7,1.5,.485,.476,0.3,0.5,.500,0.6,2.2,2.8,0.6,0.5,0.2,0.4,1.8,3.9
303,Alfonzo McKinnie\mckinal01,SF,27,CLE,21,0,9.6,1.0,2.6,.364,0.4,1.2,.320,0.6,1.4,.400,.436,0.3,0.5,.636,0.5,1.3,1.8,0.1,0.3,0.1,0.4,1.0,2.6
304,Jordan McLaughlin\mclaujo01,PG,23,MIN,5,0,16.0,2.2,5.6,.393,0.8,2.8,.286,1.4,2.8,.500,.464,0.8,0.8,1.000,0.2,1.6,1.8,2.4,0.8,0.0,0.8,1.0,6.0
305,Ben McLemore\mclembe01,SG,26,HOU,33,8,24.1,3.3,8.1,.404,2.4,6.9,.352,0.8,1.2,.700,.554,1.1,1.4,.800,0.3,2.1,2.4,1.0,0.7,0.2,0.8,2.0,10.1
306,Jordan McRae\mcraejo01,SG,28,WAS,16,0,19.6,4.0,8.2,.489,1.5,3.1,.490,2.5,5.1,.488,.580,1.8,2.2,.800,0.3,2.4,2.6,3.0,0.7,0.4,1.0,2.1,11.3
307,Nicolò Melli\mellini01,C,29,NOP,26,3,14.2,1.7,4.2,.394,0.9,2.9,.307,0.8,1.3,.588,.500,0.9,1.2,.767,0.5,1.8,2.3,1.0,0.5,0.2,0.7,1.7,5.1
308,De'Anthony Melton\meltode01,PG,21,MEM,23,0,16.6,2.6,5.7,.450,0.6,1.6,.361,2.0,4.1,.484,.500,1.5,1.8,.854,0.8,2.9,3.7,3.0,1.3,0.2,1.5,2.0,7.2
309,Chimezie Metu\metuch01,PF,22,SAS,9,0,3.8,1.2,2.2,.550,0.0,0.0,,1.2,2.2,.550,.550,0.2,0.4,.500,0.9,0.9,1.8,0.2,0.1,0.3,0.1,0.1,2.7
310,Khris Middleton\middlkh01,SF,28,MIL,28,25,28.1,7.1,14.5,.489,2.1,5.3,.401,5.0,9.2,.539,.562,2.7,3.0,.894,0.9,4.7,5.6,3.8,1.0,0.2,2.1,2.3,19.0
311,C.J. Miles\milescj01,SG,32,WAS,10,0,16.1,1.9,5.9,.322,1.1,3.5,.314,0.8,2.4,.333,.415,1.5,2.0,.750,0.4,0.8,1.2,1.2,1.0,0.4,0.4,1.4,6.4
312,Malcolm Miller\millema01,SF,26,TOR,18,1,6.0,0.3,1.1,.316,0.3,0.8,.333,0.1,0.2,.250,.447,0.1,0.3,.167,0.1,0.7,0.8,0.4,0.2,0.1,0.2,0.6,1.0
313,Patty Mills\millspa02,PG,31,SAS,31,1,23.0,4.0,8.9,.451,2.2,5.3,.415,1.8,3.6,.505,.575,1.3,1.7,.769,0.2,1.3,1.5,2.1,0.9,0.2,1.0,1.5,11.5
314,Paul Millsap\millspa01,PF,34,DEN,28,28,24.9,4.3,8.9,.484,1.1,2.3,.462,3.3,6.6,.492,.544,2.7,3.0,.882,1.9,3.9,5.8,1.4,0.9,0.7,1.3,2.7,12.4
315,Shake Milton\miltosh01,SG,23,PHI,10,0,8.3,1.3,3.6,.361,0.4,1.9,.211,0.9,1.7,.529,.417,0.7,0.9,.778,0.1,0.7,0.8,0.7,0.1,0.0,1.2,1.3,3.7
316,Donovan Mitchell\mitchdo01,SG,23,UTA,33,33,34.9,9.4,20.4,.458,2.2,6.2,.353,7.2,14.2,.504,.512,4.3,5.1,.839,0.8,3.8,4.6,4.2,1.2,0.3,2.5,2.4,25.2
317,Naz Mitrou-Long\mitrona01,SG,26,IND,3,0,14.3,2.0,5.3,.375,0.7,3.7,.182,1.3,1.7,.800,.438,0.0,0.0,,0.0,2.0,2.0,2.3,0.3,0.3,0.7,0.3,4.7
318,Adam Mokoka\mokokad01,G,21,CHI,2,0,3.0,0.0,2.5,.000,0.0,1.0,.000,0.0,1.5,.000,.000,0.0,0.0,,1.0,0.0,1.0,0.0,0.0,0.0,0.0,0.0,0.0
319,Malik Monk\monkma01,SG,21,CHO,34,0,20.3,3.6,8.2,.441,1.0,3.6,.266,2.6,4.6,.581,.500,1.1,1.4,.813,0.4,2.4,2.8,2.1,0.5,0.2,1.3,1.4,9.4
320,E'Twaun Moore\mooreet01,SG,30,NOP,22,3,20.0,3.9,9.0,.431,1.6,3.7,.432,2.3,5.3,.431,.520,0.6,1.0,.609,0.8,2.3,3.0,1.6,0.5,0.1,0.6,1.5,10.0
321,Ja Morant\moranja01,PG,20,MEM,28,28,29.3,6.5,13.9,.466,0.9,2.3,.397,5.6,11.6,.480,.499,3.6,4.6,.789,0.6,2.6,3.2,6.5,1.0,0.3,3.1,1.7,17.4
322,Juwan Morgan\morgaju01,PF,22,UTA,4,0,3.8,0.0,0.3,.000,0.0,0.3,.000,0.0,0.0,,.000,0.0,0.0,,0.0,0.8,0.8,0.3,0.0,0.3,0.3,0.5,0.0
323,Marcus Morris\morrima03,SF,30,NYK,30,30,31.5,5.9,13.8,.429,2.6,5.7,.459,3.3,8.2,.408,.523,3.8,4.4,.864,1.1,4.5,5.6,1.5,0.8,0.4,1.7,3.1,18.3
324,Markieff Morris\morrima02,PF,30,DET,31,15,22.5,4.0,8.5,.470,1.7,4.2,.411,2.3,4.4,.526,.570,1.1,1.5,.745,0.5,3.4,3.9,1.7,0.6,0.2,1.7,2.3,10.8
325,Monte Morris\morrimo01,PG,24,DEN,32,0,17.6,2.7,6.4,.420,0.6,1.5,.404,2.1,4.9,.424,.466,0.8,1.1,.765,0.3,1.3,1.6,3.2,0.6,0.3,0.6,0.8,6.8
326,Johnathan Motley\motlejo01,PF,24,LAC,4,0,2.8,0.3,0.8,.333,0.3,0.3,1.000,0.0,0.5,.000,.500,0.0,0.0,,0.3,0.3,0.5,0.8,0.8,0.0,0.8,0.8,0.8
327,Emmanuel Mudiay\mudiaem01,PG,23,UTA,30,0,16.5,2.8,5.9,.472,0.5,1.5,.356,2.3,4.4,.511,.517,1.1,1.4,.767,0.3,2.3,2.6,2.4,0.3,0.2,1.6,1.6,7.2
328,Dejounte Murray\murrade01,PG,23,SAS,28,20,23.6,4.2,8.6,.488,0.4,1.3,.270,3.8,7.3,.527,.508,1.6,2.0,.786,1.1,4.7,5.8,4.1,1.8,0.3,2.3,2.5,10.3
329,Jamal Murray\murraja01,PG,22,DEN,32,32,32.0,6.4,14.8,.432,1.7,5.1,.327,4.8,9.8,.486,.487,2.8,3.1,.909,0.9,3.4,4.3,4.6,1.4,0.3,2.3,1.8,17.3
330,Džanan Musa\musadz01,SF,20,BRK,23,0,13.3,1.4,4.3,.320,0.4,2.2,.180,1.0,2.2,.460,.365,1.0,1.3,.742,0.4,1.8,2.2,1.0,0.4,0.0,1.0,0.7,4.2
331,Mike Muscala\muscami01,C,28,OKC,20,0,10.0,1.0,3.3,.292,0.6,2.4,.250,0.4,0.9,.412,.385,0.5,0.5,.900,0.4,1.7,2.0,0.7,0.2,0.2,0.3,1.1,3.0
332,Sviatoslav Mykhailiuk\mykhasv01,SF,22,DET,29,6,17.7,2.2,5.3,.409,1.6,3.8,.427,0.6,1.5,.364,.562,0.4,0.5,.786,0.2,1.1,1.4,1.3,0.5,0.1,0.8,1.3,6.3
333,Abdel Nader\naderab01,SF,26,OKC,25,5,18.3,2.4,5.2,.466,1.0,2.7,.382,1.4,2.5,.556,.565,1.0,1.3,.788,0.3,1.5,1.8,0.7,0.4,0.4,1.0,1.5,7.0
334,Larry Nance\nancela02,C,27,CLE,29,5,24.7,3.2,6.6,.495,1.0,2.9,.341,2.2,3.6,.619,.571,0.9,1.3,.667,1.7,5.4,7.2,1.5,0.8,0.5,1.0,1.6,8.4
335,Shabazz Napier\napiesh01,PG,28,MIN,19,5,19.7,2.7,7.8,.345,1.1,4.5,.235,1.6,3.3,.492,.412,1.6,2.0,.816,0.2,2.0,2.2,3.9,1.2,0.2,1.9,1.2,8.1
336,Raul Neto\netora01,PG,27,PHI,28,2,11.6,1.6,3.2,.489,0.6,1.3,.457,1.0,2.0,.509,.578,0.2,0.3,.750,0.1,0.9,1.0,1.5,0.5,0.1,0.9,0.7,3.9
337,Georges Niang\niangge01,PF,26,UTA,27,0,12.0,1.6,3.6,.458,1.0,2.3,.419,0.7,1.3,.529,.594,0.3,0.4,.700,0.2,1.4,1.7,0.4,0.1,0.1,0.5,1.4,4.5
338,Nerlens Noel\noelne01,C,25,OKC,31,3,18.5,3.0,4.5,.671,0.0,0.0,,3.0,4.5,.671,.671,1.7,2.1,.815,1.4,3.4,4.8,1.3,1.1,1.5,1.1,2.6,7.8
339,Zach Norvell\norveza01,SG,22,LAL,2,0,2.5,0.0,0.5,.000,0.0,0.0,,0.0,0.5,.000,.000,0.0,0.0,,0.0,0.5,0.5,0.0,0.0,0.0,0.0,0.0,0.0
340,Jaylen Nowell\nowelja01,SG,20,MIN,5,0,11.8,1.4,3.2,.438,0.0,1.8,.000,1.4,1.4,1.000,.438,1.0,1.0,1.000,0.0,0.4,0.4,1.0,0.0,0.0,0.2,0.4,3.8
341,Frank Ntilikina\ntilila01,PG,21,NYK,31,23,22.5,2.1,5.6,.382,0.8,2.5,.338,1.3,3.1,.417,.457,0.7,0.8,.840,0.4,1.7,2.0,2.9,1.2,0.4,1.2,2.7,5.8
342,Kendrick Nunn\nunnke01,SG,24,MIA,33,33,30.7,6.3,14.2,.447,2.1,6.0,.350,4.2,8.2,.517,.520,1.2,1.6,.788,0.3,2.5,2.8,3.5,0.9,0.2,1.9,2.4,16.0
343,David Nwaba\nwabada01,SF,27,BRK,20,0,13.4,1.9,3.6,.521,0.6,1.4,.429,1.3,2.2,.581,.606,0.9,1.4,.667,0.4,1.9,2.3,0.4,0.6,0.6,0.4,1.6,5.2
344,Royce O'Neale\onealro01,PF,26,UTA,33,30,29.4,2.4,4.9,.479,1.4,3.0,.450,1.0,1.9,.524,.617,0.4,0.5,.778,0.2,4.7,4.9,2.5,0.8,0.3,0.9,3.0,6.5
345,Kyle O'Quinn\oquinky01,C,29,PHI,18,0,9.4,1.3,2.7,.500,0.3,0.9,.375,1.0,1.8,.563,.563,0.2,0.4,.375,1.1,2.3,3.4,1.3,0.1,0.7,0.9,1.3,3.2
346,Semi Ojeleye\ojelese01,PF,25,BOS,29,4,15.0,0.9,2.3,.388,0.5,1.4,.357,0.4,0.9,.440,.500,0.2,0.3,.700,0.3,1.6,1.9,0.5,0.4,0.1,0.2,1.2,2.6
347,Jahlil Okafor\okafoja01,C,24,NOP,20,8,16.9,3.3,5.4,.611,0.1,0.1,.500,3.3,5.3,.613,.616,1.4,2.2,.651,1.7,2.8,4.5,1.5,0.3,0.8,1.5,2.7,8.1
348,Elie Okobo\okoboel01,PG,22,PHO,24,1,11.3,1.7,3.8,.435,0.5,1.5,.371,1.1,2.4,.474,.505,1.1,1.8,.643,0.2,1.0,1.1,2.2,0.5,0.1,0.4,0.8,5.0
349,Josh Okogie\okogijo01,SG,21,MIN,30,12,24.1,2.4,6.3,.379,0.7,2.5,.267,1.7,3.8,.452,.432,2.3,3.0,.775,1.3,3.2,4.5,1.4,0.9,0.4,1.5,2.1,7.8
350,KZ Okpala\okpalkz01,SF,20,MIA,3,0,1.0,0.0,0.0,,0.0,0.0,,0.0,0.0,,,0.0,0.0,,0.0,0.3,0.3,0.0,0.0,0.0,0.3,0.0,0.0
351,Kelly Olynyk\olynyke01,C,28,MIA,33,0,20.8,2.6,5.7,.455,1.5,3.4,.425,1.2,2.3,.500,.582,1.4,1.5,.882,0.8,3.9,4.7,1.3,0.7,0.3,1.2,2.6,8.0
352,Miye Oni\onimi01,SG,22,UTA,3,0,2.7,0.0,0.0,,0.0,0.0,,0.0,0.0,,,0.0,0.0,,0.0,0.3,0.3,0.0,0.0,0.0,0.3,0.0,0.0
353,Cedi Osman\osmande01,SF,24,CLE,32,32,28.8,3.7,8.7,.428,1.6,4.5,.364,2.1,4.2,.496,.522,0.8,1.3,.605,0.4,2.9,3.3,2.2,1.0,0.3,1.4,2.1,9.9
354,Kelly Oubre\oubreke01,SF,24,PHO,33,33,33.2,6.3,14.0,.451,1.7,5.0,.341,4.6,9.0,.512,.512,3.4,4.3,.801,1.2,4.8,6.0,1.7,1.5,0.8,1.7,3.1,17.7
355,Jabari Parker\parkeja01,PF,24,ATL,31,23,26.5,6.3,12.5,.506,1.0,3.6,.277,5.3,8.9,.600,.547,1.7,2.3,.736,1.7,4.4,6.1,1.8,1.3,0.5,1.9,2.9,15.4
356,Chandler Parsons\parsoch01,SF,31,ATL,5,0,10.8,1.0,3.6,.278,0.8,2.8,.286,0.2,0.8,.250,.389,0.0,0.0,,0.2,1.2,1.4,0.6,0.8,0.2,0.6,0.6,2.8
357,Eric Paschall\pascher01,PF,23,GSW,29,19,28.2,5.4,11.1,.492,0.7,2.2,.308,4.8,8.8,.539,.523,3.1,3.9,.788,1.4,3.2,4.7,1.7,0.4,0.3,1.5,2.0,14.7
358,Anžejs Pasečņiks\pasecan01,C,24,WAS,7,0,20.7,3.1,5.7,.550,0.0,0.0,,3.1,5.7,.550,.550,1.9,3.3,.565,2.1,3.3,5.4,0.9,0.4,0.3,0.7,3.1,8.1
359,Patrick Patterson\pattepa01,PF,30,LAC,31,14,14.7,1.8,4.4,.415,1.3,3.3,.392,0.5,1.1,.485,.563,0.5,0.8,.708,0.8,2.3,3.1,0.8,0.2,0.1,0.4,0.8,5.5
360,Justin Patton\pattoju01,C,22,OKC,2,0,4.5,0.5,1.5,.333,0.0,0.5,.000,0.5,1.0,.500,.333,0.0,0.0,,0.0,1.0,1.0,0.0,0.0,0.0,0.5,2.0,1.0
361,Chris Paul\paulch01,PG,34,OKC,32,32,31.7,5.6,11.9,.468,1.6,4.3,.372,4.0,7.6,.523,.536,3.8,4.3,.904,0.3,4.5,4.8,6.5,1.6,0.2,1.9,2.4,16.6
362,Elfrid Payton\paytoel01,PG,25,NYK,16,7,23.9,3.3,8.3,.394,0.6,1.9,.300,2.7,6.4,.422,.428,0.7,1.1,.647,1.2,2.6,3.8,5.9,1.6,0.3,1.9,2.0,7.8
363,Gary Payton\paytoga02,G,27,WAS,4,2,27.5,4.0,8.3,.485,1.5,3.3,.462,2.5,5.0,.500,.576,0.5,1.0,.500,2.3,4.0,6.3,3.8,4.0,0.5,1.8,1.3,10.0
364,Norvel Pelle\pelleno01,SF,26,PHI,7,0,9.0,0.9,1.3,.667,0.0,0.0,,0.9,1.3,.667,.667,0.6,0.9,.667,0.6,2.1,2.7,0.6,0.0,1.3,0.9,1.7,2.3
365,Theo Pinson\pinsoth01,SG,24,BRK,21,0,13.5,1.8,6.0,.296,0.6,3.0,.206,1.1,3.0,.387,.348,0.7,0.8,.938,0.4,1.6,2.0,1.9,0.5,0.1,1.3,1.3,4.9
366,Mason Plumlee\plumlma01,C,29,DEN,32,1,17.4,2.8,4.8,.588,0.0,0.1,.000,2.8,4.7,.604,.588,1.5,2.5,.580,1.8,3.9,5.8,2.3,0.6,0.7,1.6,2.3,7.1
367,Vincent Poirier\poirivi01,C,26,BOS,9,0,4.9,0.8,1.6,.500,0.0,0.0,,0.8,1.6,.500,.500,0.1,0.2,.500,0.9,0.8,1.7,0.3,0.2,0.2,0.3,1.1,1.7
368,Jakob Pöltl\poeltja01,C,24,SAS,31,7,18.3,2.4,4.0,.593,0.0,0.0,,2.4,4.0,.593,.593,0.8,1.4,.545,2.0,3.8,5.8,1.7,0.6,1.5,0.9,1.7,5.5
369,Shamorie Ponds\pondssh01,PG,21,TOR,3,0,3.0,0.7,1.3,.500,0.0,0.3,.000,0.7,1.0,.667,.500,0.0,0.0,,0.0,0.3,0.3,0.7,0.0,0.3,0.0,0.7,1.3
370,Jordan Poole\poolejo01,SG,20,GSW,29,9,21.7,2.2,8.6,.254,1.1,4.6,.242,1.1,4.0,.267,.319,1.6,1.9,.839,0.1,1.8,2.0,1.8,0.6,0.2,1.1,1.7,7.1
371,Kevin Porter\porteke02,SF,19,CLE,31,1,21.6,3.2,7.2,.441,0.8,2.7,.313,2.3,4.5,.518,.500,1.3,1.6,.765,0.3,2.9,3.2,2.0,0.9,0.2,1.7,2.6,8.4
372,Michael Porter\portemi01,PF,21,DEN,23,1,9.7,2.1,4.3,.490,0.6,1.5,.371,1.5,2.7,.556,.556,0.4,0.6,.769,0.9,1.9,2.8,0.4,0.1,0.3,0.6,1.3,5.2
373,Otto Porter\porteot01,SF,26,CHI,9,9,25.1,3.9,9.3,.417,1.8,4.4,.400,2.1,4.9,.432,.512,1.7,2.2,.750,0.9,2.6,3.4,1.6,1.0,0.3,0.8,2.2,11.2
374,Bobby Portis\portibo01,C,24,NYK,33,2,21.5,3.8,8.8,.433,1.0,2.9,.354,2.8,5.9,.472,.491,1.0,1.3,.727,1.5,4.4,5.8,1.2,0.6,0.3,1.0,1.8,9.6
375,Kristaps Porziņģis\porzikr01,PF,24,DAL,31,31,31.2,6.1,15.2,.403,2.2,6.4,.343,3.9,8.8,.445,.475,2.8,3.9,.725,1.7,7.6,9.4,1.5,0.6,2.1,1.7,3.0,17.3
376,Dwight Powell\poweldw01,C,28,DAL,29,26,26.1,3.2,5.3,.606,0.3,1.0,.310,2.9,4.3,.675,.635,1.7,2.6,.649,1.8,3.7,5.5,1.5,0.9,0.6,0.9,2.5,8.4
377,Norman Powell\powelno01,SG,26,TOR,27,16,28.9,5.2,10.5,.493,1.9,4.9,.389,3.3,5.7,.582,.583,2.1,2.6,.826,0.6,3.3,3.9,1.7,1.1,0.4,1.6,1.9,14.4
378,Julius Randle\randlju01,PF,25,NYK,33,33,32.0,6.8,15.0,.457,1.2,4.1,.291,5.7,10.9,.518,.496,3.8,5.5,.698,2.3,6.6,8.8,3.3,0.7,0.1,2.9,2.7,18.7
379,Cam Reddish\reddica01,SF,20,ATL,31,21,25.9,2.8,8.7,.321,1.0,3.8,.261,1.8,4.9,.368,.378,1.5,2.0,.770,0.7,3.2,3.8,1.6,1.0,0.4,1.8,1.8,8.1
380,J.J. Redick\redicjj01,SG,35,NOP,32,28,28.4,4.8,10.9,.443,3.1,6.9,.452,1.7,4.0,.425,.586,2.6,2.9,.882,0.2,2.6,2.8,1.9,0.3,0.2,1.2,1.6,15.3
381,Naz Reid\reidna01,C,20,MIN,3,0,8.0,2.0,6.0,.333,1.3,4.0,.333,0.7,2.0,.333,.444,0.0,0.0,,0.3,1.3,1.7,0.3,0.3,0.3,0.7,1.3,5.3
382,Josh Richardson\richajo01,SG,26,PHI,27,27,31.7,5.5,12.7,.433,1.8,5.0,.363,3.7,7.7,.478,.504,2.0,2.6,.761,0.9,2.6,3.5,3.3,1.1,0.7,2.1,2.8,14.9
383,Austin Rivers\riverau01,SG,27,HOU,31,2,23.5,3.0,7.4,.406,1.3,4.1,.320,1.7,3.3,.515,.496,0.9,1.4,.690,0.6,1.9,2.5,1.6,0.6,0.2,0.6,2.0,8.3
384,Duncan Robinson\robindu01,SF,25,MIA,33,28,27.2,4.1,8.4,.491,3.3,7.1,.462,0.8,1.3,.651,.686,0.7,0.7,.957,0.2,3.0,3.1,0.9,0.6,0.3,0.6,2.8,12.2
385,Glenn Robinson\robingl02,SF,26,GSW,33,33,31.9,4.6,10.2,.454,1.3,3.2,.393,3.3,6.9,.482,.516,1.2,1.4,.848,1.5,3.2,4.6,1.6,1.0,0.2,0.8,1.8,11.7
386,Jerome Robinson\robinje01,SG,22,LAC,26,0,11.8,1.3,3.8,.343,0.5,1.8,.283,0.8,2.0,.396,.409,0.2,0.5,.462,0.1,1.5,1.6,1.0,0.3,0.3,0.7,1.4,3.3
387,Justin Robinson\robinju01,PG,22,WAS,8,0,5.6,0.6,1.4,.455,0.4,0.6,.600,0.3,0.8,.333,.591,0.0,0.0,,0.1,0.5,0.6,0.8,0.0,0.1,0.4,0.3,1.6
388,Mitchell Robinson\robinmi01,C,21,NYK,29,7,22.5,4.1,6.0,.688,0.0,0.0,,4.1,6.0,.688,.688,1.8,3.0,.616,3.2,3.9,7.1,0.5,0.8,1.9,0.7,3.6,10.0
389,Rajon Rondo\rondora01,PG,33,LAL,21,1,21.5,3.0,7.0,.419,1.1,2.9,.393,1.8,4.1,.437,.500,0.7,0.9,.737,0.5,3.0,3.6,5.6,1.1,0.1,2.1,1.2,7.7
390,Derrick Rose\rosede01,PG,31,DET,28,1,24.4,6.9,14.0,.490,1.0,3.0,.325,5.9,11.0,.534,.524,2.1,2.5,.845,0.5,1.6,2.1,5.9,0.9,0.4,2.5,0.9,16.8
391,Terrence Ross\rosste01,SG,28,ORL,31,0,25.1,4.4,11.0,.402,2.0,6.1,.330,2.4,4.9,.490,.493,1.9,2.2,.868,0.3,2.6,2.9,1.0,0.9,0.3,1.0,1.6,12.7
392,Terry Rozier\roziete01,PG,25,CHO,35,35,33.4,6.2,14.9,.415,2.5,6.5,.381,3.7,8.5,.441,.497,2.5,2.9,.843,0.8,3.6,4.5,4.3,1.2,0.2,2.7,2.3,17.3
393,Ricky Rubio\rubiori01,PG,29,PHO,27,27,32.0,5.1,12.3,.417,1.2,3.7,.320,4.0,8.6,.459,.465,2.7,3.2,.860,0.7,4.0,4.7,9.3,1.3,0.2,2.5,2.5,14.2
394,D'Angelo Russell\russeda01,SG,23,GSW,22,22,31.4,8.1,18.8,.433,3.4,9.3,.363,4.8,9.5,.502,.523,3.6,4.7,.767,0.3,3.1,3.4,6.0,0.9,0.4,3.0,2.2,23.2
395,Domantas Sabonis\sabondo01,C,23,IND,31,31,34.2,6.9,13.7,.504,0.3,1.1,.273,6.6,12.6,.523,.514,3.3,4.4,.737,3.3,10.0,13.4,3.9,0.8,0.6,2.6,3.5,17.4
396,JaKarr Sampson\sampsja02,SF,26,IND,10,7,17.1,2.4,4.2,.571,0.2,1.0,.200,2.2,3.2,.688,.595,0.2,0.7,.286,0.7,2.0,2.7,0.4,0.5,0.6,0.6,2.4,5.2
397,Dario Šarić\saricda01,PF,25,PHO,33,33,27.2,4.1,9.3,.438,1.5,4.6,.331,2.5,4.7,.542,.520,1.3,1.6,.846,1.7,5.4,7.1,2.1,0.7,0.3,1.4,2.6,11.0
398,Tomáš Satoranský\satorto01,PG,28,CHI,34,34,28.1,3.7,8.1,.458,1.2,3.1,.393,2.5,4.9,.500,.535,1.4,1.6,.857,1.0,2.8,3.8,5.3,1.5,0.1,2.1,1.9,10.1
399,Admiral Schofield\schofad01,SF,22,WAS,19,2,11.7,1.1,2.8,.396,0.6,1.8,.324,0.5,1.0,.526,.500,0.4,0.5,.800,0.2,1.1,1.3,0.6,0.4,0.2,0.4,1.7,3.2
400,Dennis Schröder\schrode01,PG,26,OKC,31,0,30.2,7.0,14.9,.469,1.8,5.1,.346,5.2,9.8,.533,.528,2.6,3.1,.825,0.3,3.6,3.8,3.7,0.7,0.3,3.0,2.2,18.4
401,Mike Scott\scottmi01,PF,31,PHI,35,4,18.7,2.2,5.2,.431,1.3,3.5,.358,1.0,1.7,.586,.552,0.3,0.4,.800,0.7,2.5,3.2,0.6,0.3,0.1,0.4,1.3,6.1
402,Thabo Sefolosha\sefolth01,PF,35,HOU,23,0,9.9,0.7,2.1,.333,0.3,1.3,.276,0.3,0.8,.421,.417,0.0,0.0,.000,0.5,1.6,2.1,0.7,0.4,0.2,0.3,0.9,1.7
403,Collin Sexton\sextoco01,SG,21,CLE,32,32,30.6,6.9,15.5,.448,0.8,3.0,.274,6.1,12.5,.489,.474,3.2,3.9,.817,1.1,2.2,3.3,2.4,1.0,0.1,2.1,2.1,17.9
404,Landry Shamet\shamela01,SG,22,LAC,17,11,27.2,2.9,6.9,.427,2.1,5.1,.402,0.9,1.8,.500,.577,1.2,1.3,.955,0.1,1.7,1.8,1.6,0.5,0.2,0.9,3.0,9.2
405,Iman Shumpert\shumpim01,SG,29,BRK,13,0,18.5,1.6,4.9,.328,0.6,2.5,.242,1.0,2.4,.419,.391,0.3,0.5,.571,0.7,1.9,2.6,0.9,0.9,0.2,0.8,1.6,4.2
406,Pascal Siakam\siakapa01,PF,25,TOR,27,27,36.6,9.4,20.5,.457,2.5,6.3,.392,6.9,14.2,.486,.517,3.9,4.7,.813,1.4,6.6,8.0,3.6,1.0,1.0,2.7,2.9,25.1
407,Chris Silva\silvach01,PF,23,MIA,26,0,9.2,1.3,2.0,.673,0.0,0.1,.000,1.3,1.9,.700,.673,1.1,1.5,.700,1.7,1.7,3.5,0.6,0.2,0.6,1.1,2.4,3.8
408,Ben Simmons\simmobe01,PG,23,PHI,33,33,35.2,5.9,10.5,.561,0.1,0.2,.400,5.8,10.3,.563,.564,2.5,4.4,.579,1.7,5.3,7.0,8.7,2.2,0.6,3.6,3.4,14.4
409,Anfernee Simons\simonan01,SG,20,POR,34,1,21.9,3.7,8.7,.424,1.3,3.7,.341,2.4,5.0,.485,.497,1.1,1.4,.771,0.4,2.1,2.5,1.3,0.4,0.1,0.9,2.2,9.7
410,Alen Smailagić\smailal01,F,19,GSW,2,0,12.0,2.0,3.0,.667,0.0,1.0,.000,2.0,2.0,1.000,.667,0.5,0.5,1.000,0.5,2.5,3.0,0.5,0.0,0.5,0.0,1.5,4.5
411,Marcus Smart\smartma01,SG,25,BOS,21,15,31.4,4.0,10.5,.380,2.0,6.2,.328,2.0,4.3,.456,.477,1.5,1.8,.838,1.0,2.4,3.3,4.4,1.4,0.4,1.2,2.3,11.5
412,Dennis Smith\smithde03,PG,22,NYK,21,1,16.1,2.0,6.0,.325,0.6,2.0,.293,1.4,4.0,.341,.373,0.7,1.4,.500,0.6,1.5,2.1,2.7,0.5,0.3,1.4,2.1,5.2
413,Ish Smith\smithis01,PG,31,WAS,32,12,25.4,4.3,9.4,.452,1.0,2.6,.373,3.3,6.8,.482,.503,0.8,1.1,.667,0.5,2.3,2.8,4.3,0.8,0.4,1.3,1.5,10.2
414,Tony Snell\snellto01,SF,28,DET,30,28,26.2,2.8,6.2,.455,1.9,4.5,.422,0.9,1.7,.538,.607,0.4,0.4,1.000,0.2,1.6,1.8,1.3,0.5,0.2,0.5,1.8,8.0
415,Omari Spellman\spellom01,PF,22,GSW,31,0,16.6,2.4,5.6,.428,0.6,1.7,.352,1.8,3.8,.462,.483,1.3,1.5,.813,2.0,3.0,5.0,0.8,0.5,0.5,1.2,1.0,6.6
416,Max Strus\strusma01,SG,23,CHI,2,0,3.0,1.0,1.5,.667,0.0,0.5,.000,1.0,1.0,1.000,.667,0.5,0.5,1.000,0.5,0.0,0.5,0.0,0.0,0.0,0.0,0.5,2.5
417,Edmond Sumner\sumneed01,PG,24,IND,10,2,15.1,1.8,4.5,.400,0.4,1.5,.267,1.4,3.0,.467,.444,0.4,0.7,.571,0.7,0.9,1.6,1.8,0.8,0.4,0.6,1.7,4.4
418,Caleb Swanigan\swanica01,PF,22,SAC,5,0,2.6,0.2,0.4,.500,0.0,0.0,,0.2,0.4,.500,.500,0.2,0.4,.500,0.2,0.8,1.0,0.0,0.2,0.4,0.8,0.6,0.6
419,Jayson Tatum\tatumja01,PF,21,BOS,30,30,34.1,7.7,18.3,.420,2.5,6.9,.359,5.2,11.5,.456,.487,3.4,4.0,.842,1.2,5.8,7.0,2.9,1.3,0.8,2.3,2.3,21.2
420,Jeff Teague\teaguje01,PG,31,MIN,28,13,29.0,4.5,9.9,.451,1.0,2.7,.387,3.4,7.2,.475,.504,4.1,4.7,.864,0.5,2.4,2.8,6.3,0.8,0.4,2.3,2.1,14.0
421,Garrett Temple\templga01,SG,33,BRK,32,23,29.5,3.7,9.9,.373,2.1,6.5,.322,1.6,3.4,.472,.479,1.1,1.4,.778,0.6,2.8,3.4,2.6,0.9,0.5,1.2,1.9,10.6
422,Daniel Theis\theisda01,C,27,BOS,27,26,21.5,2.9,5.4,.538,0.3,1.0,.321,2.6,4.3,.590,.569,1.0,1.4,.703,1.6,4.5,6.1,1.4,0.5,1.5,0.8,3.3,7.1
423,Isaiah Thomas\thomais02,PG,30,WAS,23,20,25.3,4.9,11.6,.423,2.2,5.2,.420,2.7,6.4,.426,.517,1.7,2.0,.844,0.2,1.5,1.7,4.7,0.5,0.2,2.1,2.1,13.7
424,Khyri Thomas\thomakh01,SG,23,DET,2,0,3.0,0.0,0.0,,0.0,0.0,,0.0,0.0,,,0.5,1.0,.500,0.0,0.0,0.0,0.0,0.0,0.0,0.0,0.0,0.5
425,Matt Thomas\thomama02,SG,25,TOR,12,0,11.3,1.7,3.1,.541,1.2,2.2,.538,0.5,0.9,.545,.730,0.3,0.4,.600,0.1,1.0,1.1,0.3,0.3,0.0,0.3,1.0,4.8
426,Tristan Thompson\thomptr01,C,28,CLE,31,31,31.4,5.5,10.8,.503,0.1,0.2,.429,5.4,10.6,.505,.507,1.8,3.1,.577,4.0,6.1,10.1,2.3,0.8,1.0,1.8,2.3,12.8
427,Matisse Thybulle\thybuma01,SG,22,PHI,30,3,17.6,1.6,3.7,.438,1.0,2.2,.463,0.6,1.5,.400,.576,0.5,0.8,.667,0.3,0.8,1.1,1.2,1.4,0.7,0.9,2.1,4.8
428,Anthony Tolliver\tollian01,PF,34,POR,24,8,16.2,1.1,3.3,.346,0.9,2.6,.349,0.2,0.6,.333,.487,0.5,0.6,.786,0.7,2.2,2.8,0.9,0.3,0.3,0.8,1.5,3.6
429,Karl-Anthony Towns\townska01,C,24,MIN,23,23,33.9,9.0,17.5,.514,3.6,8.5,.418,5.4,9.0,.604,.615,4.9,6.2,.796,2.7,9.0,11.7,4.4,1.0,1.3,3.1,3.5,26.5
430,Gary Trent\trentga02,SG,21,POR,21,1,11.4,1.3,3.6,.373,1.0,2.3,.408,0.4,1.2,.308,.507,0.2,0.2,1.000,0.2,1.0,1.2,0.5,0.4,0.1,0.3,1.0,3.8
431,Allonzo Trier\trieral01,PG,24,NYK,16,1,12.8,2.1,4.1,.515,0.9,2.3,.405,1.2,1.8,.655,.629,1.9,2.4,.795,0.1,1.3,1.4,1.3,0.1,0.3,1.3,1.4,7.1
432,P.J. Tucker\tuckepj01,PF,34,HOU,33,33,36.1,3.3,6.9,.480,1.8,4.5,.389,1.5,2.4,.654,.608,0.7,0.9,.767,1.6,5.7,7.3,1.4,1.2,0.4,1.1,3.3,9.1
433,Rayjon Tucker\tuckera01,F,22,UTA,1,0,2.0,1.0,2.0,.500,0.0,1.0,.000,1.0,1.0,1.000,.500,0.0,2.0,.000,0.0,1.0,1.0,0.0,0.0,0.0,0.0,0.0,2.0
434,Evan Turner\turneev01,PG,31,ATL,18,0,12.8,1.3,3.5,.381,0.0,0.3,.000,1.3,3.2,.414,.381,0.7,0.8,.857,0.4,1.6,2.0,2.0,0.4,0.4,1.4,1.0,3.3
435,Myles Turner\turnemy01,C,23,IND,25,25,29.2,4.4,9.6,.454,1.6,4.4,.364,2.8,5.2,.531,.538,1.7,2.3,.724,1.4,4.4,5.7,1.2,0.6,2.1,1.4,2.4,12.0
436,Jonas Valančiūnas\valanjo01,C,27,MEM,31,31,25.0,6.1,10.3,.594,0.6,1.3,.439,5.5,9.0,.616,.622,1.6,2.1,.742,2.6,7.1,9.7,1.9,0.3,0.9,2.1,2.6,14.4
437,Denzel Valentine\valende01,SF,26,CHI,20,0,13.0,2.4,5.9,.410,1.4,3.6,.389,1.0,2.3,.444,.530,0.3,0.3,1.000,0.2,1.9,2.0,1.1,0.7,0.3,0.6,1.4,6.5
438,Jarred Vanderbilt\vandeja01,SF,20,DEN,3,0,3.0,0.0,0.0,,0.0,0.0,,0.0,0.0,,,0.0,0.0,,0.0,0.7,0.7,0.3,0.0,0.0,0.3,0.0,0.0
439,Fred VanVleet\vanvlfr01,PG,25,TOR,28,28,36.5,5.9,14.8,.398,2.5,6.7,.378,3.4,8.1,.414,.483,3.9,4.4,.871,0.3,3.6,3.9,6.9,2.1,0.3,2.5,2.2,18.2
440,Noah Vonleh\vonleno01,C,24,MIN,22,1,12.9,1.6,3.0,.530,0.0,0.6,.077,1.5,2.4,.642,.538,0.9,1.1,.833,1.3,2.8,4.1,1.0,0.4,0.2,0.8,1.4,4.1
441,Nikola Vučević\vucevni01,C,29,ORL,22,22,31.4,7.2,15.7,.458,1.5,4.2,.344,5.7,11.5,.500,.504,2.3,3.0,.785,2.5,8.1,10.6,3.4,1.0,1.0,1.1,2.0,18.1
442,Dean Wade\wadede01,PF,23,CLE,3,0,6.0,0.3,0.7,.500,0.3,0.3,1.000,0.0,0.3,.000,.750,0.0,0.0,,0.0,0.7,0.7,0.0,0.3,0.0,0.0,1.0,1.0
443,Moritz Wagner\wagnemo01,C,22,WAS,21,4,20.4,4.4,7.6,.581,1.0,2.7,.393,3.4,5.0,.683,.650,1.7,2.0,.837,1.6,4.4,6.0,1.3,0.7,0.6,2.0,3.9,11.6
444,Kemba Walker\walkeke02,PG,29,BOS,29,29,32.4,7.4,17.2,.430,3.7,9.2,.397,3.8,8.0,.468,.536,4.0,4.6,.873,0.8,3.1,3.9,5.2,0.9,0.6,2.3,1.6,22.5
445,Lonnie Walker\walkelo01,SG,21,SAS,23,0,10.2,1.9,4.3,.449,0.3,1.0,.348,1.6,3.3,.480,.490,0.6,1.0,.591,0.4,1.2,1.6,0.5,0.3,0.1,0.7,1.0,4.7
446,Tyrone Wallace\wallaty01,SG,25,ATL,14,0,11.4,1.0,3.1,.318,0.1,1.1,.067,0.9,2.1,.448,.330,0.8,1.2,.647,0.2,1.4,1.6,0.9,0.5,0.1,0.7,1.4,2.9
447,Taurean Waller-Prince\princta02,SF,25,BRK,32,32,30.5,4.4,11.8,.371,2.4,6.7,.366,1.9,5.1,.378,.475,1.0,1.3,.780,0.8,5.9,6.8,2.1,0.9,0.4,2.1,2.8,12.2
448,Derrick Walton\waltode01,PG,24,LAC,16,0,9.4,0.7,1.4,.500,0.4,0.9,.429,0.3,0.5,.625,.636,0.4,0.4,.857,0.1,0.5,0.6,1.1,0.3,0.0,0.2,0.8,2.1
449,Brad Wanamaker\wanambr01,PG,30,BOS,30,0,18.7,2.1,4.9,.438,0.5,1.3,.359,1.7,3.6,.467,.486,2.0,2.3,.897,0.4,1.7,2.1,2.8,0.7,0.3,1.2,1.8,6.8
450,T.J. Warren\warretj01,SF,26,IND,33,33,32.4,7.0,14.2,.497,1.2,3.4,.360,5.8,10.8,.539,.540,2.4,2.9,.842,0.8,2.8,3.6,1.2,1.0,0.4,1.2,2.5,17.7
451,PJ Washington\washipj01,PF,21,CHO,30,30,29.6,4.6,9.6,.483,1.4,3.5,.413,3.2,6.1,.522,.557,1.7,2.6,.667,0.9,4.3,5.2,1.7,0.9,0.9,1.3,2.7,12.4
452,Yuta Watanabe\watanyu01,SG,25,MEM,4,0,4.5,0.8,1.5,.500,0.3,0.5,.500,0.5,1.0,.500,.583,0.0,0.0,,0.3,1.0,1.3,0.0,0.0,0.3,0.3,0.3,1.8
453,Tremont Waters\watertr01,PG,22,BOS,3,0,9.3,1.7,4.0,.417,0.7,2.3,.286,1.0,1.7,.600,.500,0.7,0.7,1.000,0.0,0.7,0.7,1.0,0.3,0.7,1.3,1.0,4.7
454,Russell Westbrook\westbru01,PG,31,HOU,29,29,35.3,9.0,21.1,.424,1.2,5.0,.234,7.8,16.1,.483,.452,5.0,6.3,.792,1.6,6.5,8.1,7.1,1.5,0.4,4.4,3.8,24.1
455,Coby White\whiteco01,SG,19,CHI,34,0,24.2,4.2,11.4,.370,1.9,5.4,.350,2.3,6.0,.389,.453,1.2,1.5,.788,0.3,3.2,3.6,2.2,0.8,0.1,1.5,1.3,11.5
456,Derrick White\whitede01,SG,25,SAS,29,10,23.6,3.5,7.4,.472,1.0,2.4,.400,2.5,5.0,.507,.537,1.8,2.3,.788,0.4,2.3,2.7,3.2,0.6,0.6,1.2,2.2,9.7
457,Hassan Whiteside\whiteha01,C,30,POR,31,31,29.5,6.4,10.5,.606,0.0,0.1,.500,6.4,10.5,.606,.607,2.6,3.4,.764,3.8,9.8,13.6,1.3,0.4,2.7,2.1,2.9,15.4
458,Andrew Wiggins\wiggian01,SF,24,MIN,26,26,35.8,9.2,20.7,.446,2.2,6.7,.326,7.0,14.0,.504,.499,4.1,5.5,.748,1.2,4.2,5.4,3.3,0.7,1.1,2.5,2.5,24.8
459,Grant Williams\willigr01,PF,21,BOS,28,1,15.3,1.1,3.1,.368,0.2,1.3,.135,1.0,1.8,.540,.397,0.7,0.9,.800,0.7,1.5,2.2,1.0,0.4,0.5,0.8,2.2,3.2
460,Johnathan Williams\willijo04,F,24,WAS,3,2,21.3,1.3,2.3,.571,0.0,0.3,.000,1.3,2.0,.667,.571,1.0,1.0,1.000,2.3,3.0,5.3,1.3,0.0,0.3,0.7,1.3,3.7
461,Kenrich Williams\willike04,PF,25,NOP,32,18,23.5,1.5,4.3,.353,0.8,2.9,.266,0.8,1.4,.533,.442,0.3,0.8,.375,1.5,3.8,5.4,1.6,0.7,0.7,0.7,2.4,4.1
462,Lou Williams\willilo02,SG,33,LAC,32,4,30.3,6.3,15.1,.413,1.7,4.9,.353,4.5,10.3,.442,.470,4.8,5.7,.845,0.4,2.6,3.0,6.3,0.7,0.2,3.0,1.5,19.0
463,Marvin Williams\willima02,PF,33,CHO,30,0,20.8,2.6,5.5,.479,1.2,3.1,.398,1.4,2.4,.583,.591,1.1,1.2,.892,0.4,2.4,2.8,1.1,0.7,0.5,0.7,1.9,7.6
464,Robert Williams\williro04,C,22,BOS,19,1,14.2,1.7,2.6,.673,0.0,0.0,,1.7,2.6,.673,.673,0.4,0.7,.571,1.2,3.4,4.6,1.1,0.9,1.1,0.8,1.8,3.9
465,Nigel Williams-Goss\willini01,PG,25,UTA,8,0,3.0,0.0,0.6,.000,0.0,0.1,.000,0.0,0.5,.000,.000,0.3,0.3,1.000,0.3,0.3,0.5,0.5,0.1,0.1,0.3,0.1,0.3
466,D.J. Wilson\wilsodj01,PF,23,MIL,19,0,10.8,1.6,3.6,.456,0.6,2.1,.275,1.1,1.5,.714,.537,0.1,0.2,.667,0.3,1.9,2.2,0.7,0.0,0.2,0.6,0.9,3.9
467,Justise Winslow\winslju01,SF,23,MIA,10,5,33.7,5.0,12.7,.394,0.6,2.6,.231,4.4,10.1,.436,.417,1.8,2.7,.667,1.6,5.5,7.1,4.3,0.6,0.4,2.3,3.6,12.4
468,Christian Wood\woodch01,PF,24,DET,30,0,16.0,3.4,5.6,.613,0.6,1.4,.395,2.9,4.2,.688,.664,1.9,2.9,.667,1.4,3.6,5.0,0.6,0.3,0.8,1.0,1.0,9.4
469,Delon Wright\wrighde01,SG,27,DAL,30,2,20.5,2.9,5.9,.500,0.6,1.7,.373,2.3,4.2,.552,.554,1.4,1.6,.872,0.9,2.7,3.6,3.3,1.5,0.3,0.7,1.2,7.9
470,Thaddeus Young\youngth01,PF,31,CHI,33,0,21.7,3.5,8.8,.393,1.1,3.3,.324,2.4,5.5,.434,.453,0.7,1.2,.605,1.5,2.9,4.4,1.9,1.0,0.2,1.5,1.8,8.7
471,Trae Young\youngtr01,PG,21,ATL,31,31,34.9,9.3,20.9,.444,3.4,9.3,.368,5.9,11.6,.504,.525,6.5,7.7,.845,0.5,3.8,4.3,8.3,1.2,0.1,4.7,1.5,28.5
472,Cody Zeller\zelleco01,C,27,CHO,32,20,23.7,4.6,8.4,.543,0.5,1.7,.283,4.1,6.8,.606,.571,2.1,3.1,.680,2.9,4.7,7.6,1.3,0.7,0.4,1.5,2.6,11.7
473,Ante Žižić\zizican01,C,23,CLE,10,0,9.6,1.8,3.1,.581,0.0,0.0,,1.8,3.1,.581,.581,0.9,1.0,.900,0.7,1.8,2.5,0.0,0.2,0.3,0.1,1.1,4.5
474,Ivica Zubac\zubaciv01,C,22,LAC,34,32,17.3,3.3,5.5,.590,0.0,0.1,.000,3.3,5.5,.597,.590,2.0,2.7,.739,2.4,4.1,6.6,0.9,0.2,0.9,0.9,2.4,8.5