Rk,Player,Pos,Age,Tm,G,MP,PER,TS%,3PAr,FTr,ORB%,DRB%,TRB%,AST%,STL%,BLK%,TOV%,USG%,,OWS,DWS,WS,WS/48,,OBPM,DBPM,BPM,VORP
1,Steven Adams\adamsst01,C,26,OKC,29,806,21.6,.613,.004,.373,14.0,24.4,19.3,15.5,1.1,3.7,14.1,17.6,,2.1,1.2,3.3,.195,,1.6,3.2,4.8,1.4
2,Bam Adebayo\adebaba01,C,22,MIA,33,1134,20.2,.607,.026,.551,8.9,25.0,17.4,21.0,2.0,3.5,18.3,19.9,,2.3,2.0,4.3,.180,,0.7,4.2,4.9,1.9
3,LaMarcus Aldridge\aldrila01,C,34,SAS,29,953,21.5,.575,.128,.226,6.9,17.2,12.1,11.5,0.9,4.9,7.9,23.9,,2.0,0.8,2.9,.144,,1.1,0.8,1.9,0.9
4,Nickeil Alexander-Walker\alexani01,SG,21,NOP,27,341,8.3,.444,.525,.099,1.2,16.2,8.5,19.6,1.2,1.0,13.3,23.6,,-0.5,0.2,-0.3,-0.041,,-3.9,-2.2,-6.1,-0.4
5,Grayson Allen\allengr01,SG,24,MEM,19,347,11.6,.574,.542,.176,0.9,13.9,7.4,11.8,0.7,0.2,11.9,19.2,,0.3,0.1,0.3,.044,,-0.7,-3.2,-3.8,-0.2
6,Jarrett Allen\allenja01,C,21,BRK,32,849,22.3,.669,.009,.606,13.9,24.8,19.5,7.6,1.3,4.2,12.3,15.9,,2.6,1.5,4.1,.232,,0.8,2.9,3.7,1.2
7,Kadeem Allen\allenka01,SG,27,NYK,2,18,11.8,.643,.714,.000,0.0,0.0,0.0,17.8,2.7,0.0,22.2,21.2,,0.0,0.0,0.0,.034,,-1.1,-7.1,-8.1,0.0
8,Al-Farouq Aminu\aminual01,PF,29,ORL,18,380,7.9,.395,.419,.337,6.5,18.3,12.1,7.6,2.3,1.9,14.7,13.2,,-0.4,0.5,0.1,.019,,-4.7,2.1,-2.6,-0.1
9,Kyle Anderson\anderky01,PF,26,MEM,28,511,13.1,.509,.180,.278,6.4,19.1,12.7,17.4,1.6,2.4,14.8,14.3,,0.4,0.4,0.8,.073,,-1.9,1.3,-0.6,0.2
10,Ryan Anderson\anderry01,PF,31,HOU,2,14,9.8,.357,.714,.000,0.0,51.6,25.9,20.0,3.3,0.0,12.5,23.4,,0.0,0.0,0.0,-0.023,,-6.9,1.6,-5.3,0.0
11,Giannis Antetokounmpo\antetgi01,PF,25,MIL,32,990,33.7,.612,.250,.502,8.8,31.0,20.5,33.3,1.9,3.3,12.7,37.9,,3.8,2.6,6.4,.311,,7.8,4.9,12.7,3.7
12,Kostas Antetokounmpo\antetko01,PF,22,LAL,2,3,3.9,,,,0.0,36.1,18.5,0.0,0.0,0.0,,0.0,,0.0,0.0,0.0,.069,,-9.4,-1.3,-10.6,0.0
13,Thanasis Antetokounmpo\antetth01,SF,27,MIL,9,42,17.8,.564,.125,.500,12.5,2.2,7.1,20.4,1.1,2.1,13.3,22.1,,0.1,0.1,0.2,.174,,0.8,-1.2,-0.4,0.0
14,Carmelo Anthony\anthoca01,PF,35,POR,19,598,12.4,.497,.262,.204,3.8,16.0,10.0,5.7,1.7,2.1,11.0,23.7,,-0.3,0.5,0.2,.018,,-3.1,-1.1,-4.1,-0.3
15,OG Anunoby\anunoog01,SF,22,TOR,32,947,12.8,.577,.430,.169,3.7,15.8,10.0,7.8,1.8,2.6,12.4,15.7,,0.7,1.6,2.2,.112,,-0.6,2.3,1.7,0.9
16,Ryan Arcidiacono\arcidry01,PG,25,CHI,34,511,8.7,.533,.590,.205,2.8,9.4,6.0,14.4,1.3,0.4,12.4,12.0,,0.4,0.5,0.9,.085,,-2.1,-0.5,-2.6,-0.1
17,Trevor Ariza\arizatr01,SF,34,SAC,24,568,9.1,.521,.736,.124,3.1,18.9,10.8,7.9,2.1,1.0,14.1,11.5,,0.1,0.6,0.7,.058,,-1.7,1.0,-0.7,0.2
18,D.J. Augustin\augusdj01,PG,32,ORL,33,853,14.4,.540,.412,.342,1.7,8.5,5.0,27.0,1.3,0.1,12.1,18.1,,1.3,0.6,1.9,.106,,0.3,-2.2,-1.9,0.0
19,Deandre Ayton\aytonde01,C,21,PHO,3,78,20.0,.495,.024,.024,19.1,30.7,24.7,6.6,0.6,5.6,8.6,25.1,,0.0,0.1,0.1,.080,,-3.7,-0.3,-3.9,0.0
20,Dwayne Bacon\bacondw01,SG,24,CHO,25,409,5.0,.378,.278,.216,2.5,12.8,7.4,10.7,2.0,0.4,10.6,21.0,,-1.0,0.2,-0.7,-0.087,,-7.0,-2.0,-9.0,-0.7
21,Marvin Bagley\baglema01,PF,20,SAC,9,212,16.8,.513,.128,.229,9.4,24.4,16.7,4.9,0.9,3.6,9.8,27.5,,0.0,0.2,0.3,.059,,-4.3,-2.0,-6.4,-0.2
22,Lonzo Ball\balllo01,PG,22,NOP,26,737,12.1,.491,.577,.109,4.2,15.2,9.5,26.2,2.0,0.7,19.1,19.9,,-0.1,0.5,0.4,.024,,-0.6,-0.2,-0.9,0.2
23,Mo Bamba\bambamo01,C,21,ORL,29,449,15.0,.520,.379,.111,9.8,25.5,17.4,6.6,1.0,7.9,14.9,18.2,,0.0,0.8,0.8,.086,,-3.5,3.2,-0.3,0.2
24,J.J. Barea\bareajo01,PG,35,DAL,8,111,21.7,.587,.397,.063,1.9,9.1,5.6,33.4,0.9,0.8,9.8,27.5,,0.3,0.1,0.4,.180,,3.9,-3.4,0.5,0.1
25,Harrison Barnes\barneha02,PF,27,SAC,33,1162,13.7,.553,.328,.377,3.4,13.9,8.5,9.2,1.0,0.4,9.1,19.0,,1.5,0.6,2.1,.086,,-0.3,-1.2,-1.6,0.1
26,RJ Barrett\barrerj01,SG,19,NYK,32,1013,10.2,.456,.264,.316,3.5,14.3,8.7,14.0,1.6,1.2,12.5,23.1,,-1.1,0.5,-0.6,-0.028,,-3.3,-0.8,-4.1,-0.5
27,Will Barton\bartowi01,SF,29,DEN,30,988,16.4,.549,.349,.185,5.1,17.6,11.3,16.1,1.7,1.1,9.9,19.5,,1.4,1.5,2.9,.142,,1.1,1.3,2.4,1.1
28,Keita Bates-Diop\bateske01,SF,24,MIN,20,361,13.5,.590,.500,.278,3.1,12.5,7.7,3.7,1.3,2.0,5.5,14.7,,0.5,0.2,0.8,.105,,-0.9,-1.2,-2.1,0.0
29,Nicolas Batum\batumni01,SF,31,CHO,16,357,9.6,.503,.667,.111,5.2,15.0,9.9,18.5,1.8,2.0,25.1,9.2,,0.2,0.2,0.4,.055,,-2.2,1.1,-1.1,0.1
30,Aron Baynes\baynear01,C,33,PHO,24,576,17.2,.618,.412,.189,6.8,19.6,13.0,14.0,0.5,2.3,10.3,20.6,,1.2,0.4,1.6,.134,,2.0,-0.5,1.5,0.5
31,Kent Bazemore\bazemke01,SF,30,POR,34,834,8.5,.498,.508,.208,1.2,14.9,8.2,7.5,1.9,2.5,15.2,16.3,,-0.5,0.7,0.3,.014,,-2.7,0.7,-2.0,0.0
32,Darius Bazley\bazleda01,PF,19,OKC,32,554,6.6,.461,.550,.155,2.3,21.3,12.0,4.2,1.1,3.1,17.4,13.3,,-0.7,0.7,0.0,.000,,-5.4,1.2,-4.2,-0.3
33,Bradley Beal\bealbr01,SG,26,WAS,30,1099,20.9,.555,.372,.348,3.2,11.6,7.2,28.9,1.4,0.8,11.8,32.0,,2.2,-0.1,2.1,.090,,4.0,-3.0,1.1,0.9
34,Malik Beasley\beaslma01,SG,23,DEN,25,397,9.3,.506,.512,.055,1.6,8.6,5.1,9.2,1.4,0.9,11.1,20.6,,-0.2,0.4,0.3,.031,,-2.4,-1.7,-4.2,-0.2
35,Marco Belinelli\belinma01,SG,33,SAS,29,468,8.1,.474,.515,.184,0.2,10.5,5.4,9.9,0.7,0.0,5.9,17.1,,-0.1,0.1,0.0,.004,,-2.4,-3.3,-5.7,-0.4
36,Jordan Bell\belljo01,C,25,MIN,19,186,15.0,.578,.128,.532,12.0,22.1,16.9,9.5,0.5,3.9,21.6,16.4,,0.1,0.2,0.3,.081,,-3.4,0.7,-2.7,0.0
37,DeAndre' Bembry\bembrde01,SG,25,ATL,33,739,10.6,.505,.259,.211,4.5,14.9,9.6,13.5,2.6,1.7,18.5,14.0,,-0.2,0.6,0.4,.024,,-3.1,1.1,-2.0,0.0
38,Dragan Bender\bendedr01,SF,22,MIL,3,29,19.6,.889,.500,.125,0.0,6.4,3.4,14.6,0.0,6.0,10.6,13.4,,0.1,0.0,0.2,.275,,3.5,-0.1,3.5,0.0
39,Dāvis Bertāns\bertada01,PF,27,WAS,28,839,16.5,.640,.766,.149,3.1,15.5,8.9,7.9,1.0,1.9,6.1,17.6,,2.0,0.0,2.0,.116,,4.1,-2.3,1.8,0.8
40,Patrick Beverley\beverpa01,PG,31,LAC,29,839,11.8,.518,.587,.127,4.9,16.4,10.8,15.0,2.2,2.0,14.1,12.8,,0.7,1.4,2.0,.116,,0.4,3.4,3.7,1.2
41,Khem Birch\birchkh01,C,27,ORL,19,409,9.7,.481,.016,.531,9.0,16.4,12.6,6.8,1.3,3.1,14.1,9.8,,0.2,0.5,0.7,.079,,-3.7,2.6,-1.1,0.1
42,Goga Bitadze\bitadgo01,C,20,IND,25,256,12.0,.525,.242,.318,7.7,18.4,13.1,7.8,0.2,7.7,14.7,15.0,,0.1,0.4,0.5,.100,,-3.6,3.4,-0.2,0.1
43,Bismack Biyombo\biyombi01,C,27,CHO,33,622,18.7,.592,.000,.572,12.8,20.4,16.4,7.8,0.5,3.9,8.5,17.2,,1.5,0.4,2.0,.151,,-0.7,-0.1,-0.8,0.2
44,Nemanja Bjelica\bjeline01,PF,31,SAC,33,875,17.0,.592,.463,.105,6.6,19.7,12.9,15.7,1.6,2.3,13.0,18.9,,1.5,0.9,2.4,.133,,1.9,1.0,2.8,1.1
45,Eric Bledsoe\bledser01,PG,30,MIL,27,709,19.5,.574,.301,.269,3.1,14.5,9.1,30.2,1.7,1.5,15.1,24.3,,1.5,1.3,2.8,.187,,1.6,1.0,2.6,0.8
46,Bogdan Bogdanović\bogdabo01,SG,27,SAC,28,795,15.0,.549,.564,.169,1.3,11.1,6.0,20.7,2.0,0.7,13.2,23.8,,0.6,0.6,1.2,.070,,1.3,-1.7,-0.3,0.3
47,Bojan Bogdanović\bogdabo02,SF,30,UTA,32,1077,15.8,.594,.465,.298,2.1,11.7,7.1,10.6,1.0,0.3,13.6,26.2,,1.1,1.2,2.3,.102,,1.1,-1.4,-0.3,0.5
48,Jonah Bolden\boldejo01,PF,24,PHI,2,5,7.8,.532,.000,2.000,0.0,0.0,0.0,0.0,9.6,0.0,34.7,24.7,,0.0,0.0,0.0,-0.206,,-9.8,4.0,-5.8,0.0
49,Jordan Bone\bonejo01,PG,22,DET,3,6,-16.4,.400,.200,.000,0.0,0.0,0.0,0.0,0.0,0.0,28.6,50.4,,-0.1,0.0,-0.1,-0.655,,-23.7,-11.0,-34.8,0.0
50,Isaac Bonga\bongais01,SF,20,WAS,27,426,9.2,.546,.237,.355,5.8,14.0,9.7,8.7,1.9,1.2,15.4,10.1,,0.4,0.1,0.4,.048,,-1.7,-0.1,-1.8,0.0
51,Devin Booker\bookede01,SG,23,PHO,30,1073,19.6,.619,.293,.345,2.0,10.5,6.1,29.5,0.9,0.6,16.0,28.3,,2.3,0.4,2.8,.124,,3.2,-2.2,0.9,0.8
52,Chris Boucher\bouchch01,PF,27,TOR,30,387,21.1,.583,.350,.445,15.5,18.3,17.0,5.5,1.1,5.8,6.3,19.3,,1.2,0.7,1.9,.233,,1.6,1.3,2.9,0.5
53,Brian Bowen\bowenbr02,SG,21,IND,3,10,1.1,.250,.250,.000,0.0,10.7,5.4,0.0,0.0,8.6,0.0,17.4,,0.0,0.0,0.0,-0.138,,-12.5,-0.1,-12.5,0.0
54,Ky Bowman\bowmaky01,PG,22,GSW,30,684,11.1,.527,.347,.111,2.4,10.5,6.4,19.8,1.7,0.7,13.7,16.3,,0.3,0.3,0.6,.043,,-1.7,-1.6,-3.3,-0.2
55,Avery Bradley\bradlav01,SG,29,LAL,19,454,6.5,.479,.347,.068,2.8,8.8,5.9,7.1,1.7,0.2,13.7,16.4,,-0.4,0.5,0.1,.014,,-3.5,-0.7,-4.1,-0.2
56,Tony Bradley\bradlto01,C,22,UTA,22,195,18.7,.630,.000,.258,16.2,23.2,19.8,4.2,0.7,3.8,12.7,17.7,,0.5,0.3,0.8,.201,,-0.8,0.5,-0.3,0.1
57,Jarrell Brantley\brantja01,PF,23,UTA,2,9,10.2,,,,0.0,45.6,23.9,13.8,0.0,18.5,100.0,4.8,,0.0,0.0,0.0,.066,,-11.8,15.3,3.4,0.0
58,Ignas Brazdeikis\brazdig01,SF,21,NYK,8,48,0.7,.322,.400,.200,4.2,6.8,5.4,6.1,0.0,2.0,8.4,21.0,,-0.2,0.0,-0.2,-0.159,,-8.2,-4.2,-12.4,-0.1
59,Mikal Bridges\bridgmi01,SF,23,PHO,33,727,13.2,.598,.324,.341,4.4,14.9,9.5,8.2,2.8,1.4,12.5,13.0,,0.9,0.8,1.7,.109,,-0.7,1.7,1.0,0.6
60,Miles Bridges\bridgmi02,SF,21,CHO,35,1064,11.4,.530,.396,.146,4.0,15.1,9.3,9.0,0.9,2.2,12.3,18.6,,0.2,0.5,0.6,.029,,-2.1,-0.8,-2.9,-0.2
61,Oshae Brissett\brissos01,SF,21,TOR,8,54,4.8,.458,.250,.000,6.0,9.3,7.7,7.6,0.9,1.7,20.0,11.9,,0.0,0.1,0.0,.017,,-5.0,0.5,-4.4,0.0
62,Ryan Broekhoff\broekry01,SG,29,DAL,10,77,16.3,.669,.800,.240,1.4,17.1,9.4,7.3,1.3,1.1,6.7,16.4,,0.2,0.1,0.3,.179,,2.3,-1.6,0.7,0.1
63,Malcolm Brogdon\brogdma01,PG,27,IND,26,816,20.2,.562,.294,.278,2.3,13.3,7.8,37.0,1.4,0.5,14.3,26.4,,1.7,1.0,2.7,.157,,3.1,-0.4,2.7,1.0
64,Dillon Brooks\brookdi01,SG,24,MEM,34,942,11.5,.517,.386,.224,3.8,9.4,6.6,10.4,1.8,1.1,10.9,23.2,,0.1,0.4,0.5,.026,,-1.1,-2.0,-3.0,-0.2
65,Bruce Brown\brownbr01,SG,23,DET,33,889,11.3,.514,.233,.292,3.8,15.0,9.5,19.1,2.1,1.6,18.9,16.0,,0.2,0.7,0.9,.047,,-2.0,1.2,-0.8,0.3
66,Charlie Brown\brownch02,SG,22,ATL,4,16,21.5,.735,.333,1.333,13.4,6.9,10.2,0.0,0.0,5.3,0.0,12.4,,0.1,0.0,0.1,.255,,1.5,-4.3,-2.8,0.0
67,Jaylen Brown\brownja02,SF,23,BOS,27,906,19.6,.620,.364,.284,3.2,18.8,11.1,11.4,1.6,0.9,10.9,23.8,,2.0,1.4,3.4,.179,,2.7,0.1,2.8,1.1
68,Moses Brown\brownmo01,C,20,POR,5,16,11.4,.457,.000,.571,13.0,44.2,28.8,0.0,3.0,0.0,18.6,28.3,,0.0,0.0,0.0,-0.026,,-12.7,-7.7,-20.4,-0.1
69,Sterling Brown\brownst02,SF,24,MIL,25,422,9.8,.504,.520,.213,3.7,18.8,11.7,8.0,1.8,0.6,14.7,15.9,,-0.1,0.8,0.7,.084,,-2.8,0.9,-2.0,0.0
70,Troy Brown\browntr01,SG,20,WAS,29,706,13.7,.515,.265,.202,5.1,19.5,11.9,12.4,2.6,0.5,10.7,16.9,,0.5,0.3,0.8,.055,,-1.0,-0.2,-1.2,0.1
71,Jalen Brunson\brunsja01,PG,23,DAL,32,564,16.5,.563,.343,.192,3.0,12.0,7.6,30.2,1.2,0.2,14.4,20.4,,1.1,0.4,1.6,.136,,1.0,-1.6,-0.6,0.2
72,Thomas Bryant\bryanth01,C,22,WAS,18,511,19.4,.605,.190,.288,8.5,24.9,16.3,13.6,0.7,3.1,10.4,18.7,,1.2,0.1,1.4,.131,,1.3,-0.1,1.2,0.4
73,Trey Burke\burketr01,PG,27,PHI,16,237,17.3,.556,.289,.156,5.8,6.9,6.4,25.0,1.4,0.4,7.7,18.9,,0.6,0.2,0.8,.171,,1.7,-1.9,-0.2,0.1
74,Alec Burks\burksal01,SG,28,GSW,31,901,16.6,.553,.355,.326,2.4,14.2,8.2,16.8,2.1,0.9,9.6,22.6,,1.2,0.6,1.8,.097,,0.7,-1.3,-0.6,0.3
75,Deonte Burton\burtode02,SG,26,OKC,17,153,4.8,.402,.480,.100,3.0,14.8,9.1,5.6,0.3,1.6,7.1,16.3,,-0.2,0.1,-0.1,-0.030,,-5.6,-1.9,-7.4,-0.2
76,Jimmy Butler\butleji01,SF,30,MIA,29,1028,23.8,.574,.218,.708,6.9,13.7,10.5,29.0,2.7,1.6,12.1,25.2,,3.4,1.5,4.9,.230,,3.7,1.7,5.4,1.9
77,Bruno Caboclo\cabocbr01,SF,24,MEM,21,190,12.5,.447,.368,.044,9.5,15.3,12.4,7.2,2.5,5.4,9.2,16.8,,-0.1,0.2,0.2,.042,,-2.8,1.7,-1.1,0.0
78,Kentavious Caldwell-Pope\caldwke01,SG,26,LAL,33,838,12.0,.597,.446,.196,2.7,6.7,4.8,9.6,1.5,0.8,10.6,14.8,,1.2,0.9,2.0,.115,,0.5,-0.6,-0.1,0.4
79,Vlatko Čančar\cancavl01,SF,22,DEN,3,5,24.4,.532,.000,2.000,21.6,0.0,10.9,23.6,0.0,0.0,0.0,16.2,,0.0,0.0,0.0,.315,,4.6,-2.7,2.0,0.0
80,Clint Capela\capelca01,C,25,HOU,27,907,20.5,.632,.000,.264,12.3,31.8,22.1,5.3,1.2,5.0,13.5,15.4,,2.0,1.5,3.4,.182,,-1.2,2.4,1.2,0.7
81,DeMarre Carroll\carrode01,SF,33,SAS,13,131,5.2,.445,.464,.643,5.7,18.4,12.1,9.4,0.7,1.3,21.8,15.0,,-0.2,0.1,-0.1,-0.028,,-4.9,-0.9,-5.9,-0.1
82,Jevon Carter\carteje01,PG,24,PHO,23,323,9.5,.479,.561,.098,3.6,12.3,7.8,15.0,2.9,1.9,16.6,13.4,,-0.1,0.4,0.3,.045,,-2.4,1.5,-0.9,0.1
83,Vince Carter\cartevi01,SF,43,ATL,28,439,6.7,.458,.660,.111,1.5,12.3,6.8,9.5,0.8,1.9,9.6,16.8,,-0.3,0.1,-0.2,-0.024,,-3.5,-2.4,-5.9,-0.4
84,Wendell Carter\cartewe01,C,20,CHI,34,1019,16.1,.598,.085,.420,11.7,23.3,17.3,5.8,1.2,2.8,14.0,16.0,,1.7,1.6,3.3,.155,,-1.5,1.9,0.3,0.6
85,Michael Carter-Williams\cartemi01,SG,28,ORL,19,310,13.4,.464,.323,.333,5.9,14.9,10.3,18.1,3.2,2.3,13.7,17.3,,0.0,0.5,0.5,.076,,-2.2,2.4,0.2,0.2
86,Alex Caruso\carusal01,PG,25,LAL,31,619,10.1,.545,.447,.270,1.5,10.0,5.8,11.2,2.6,1.2,15.5,12.8,,0.3,0.9,1.2,.090,,-1.6,1.2,-0.4,0.3
87,Willie Cauley-Stein\caulewi01,C,26,GSW,31,724,16.7,.580,.000,.205,6.8,22.3,14.3,9.5,2.5,5.5,12.1,14.5,,0.8,1.0,1.8,.119,,-2.2,3.6,1.3,0.6
88,Tyson Chandler\chandty01,C,37,HOU,22,192,12.5,.717,.000,.722,11.9,20.9,16.4,4.0,1.4,3.6,22.8,6.6,,0.3,0.2,0.6,.142,,-1.9,1.6,-0.3,0.1
89,Wilson Chandler\chandwi01,SF,32,BRK,7,145,7.7,.501,.523,.045,0.7,20.9,11.2,8.0,1.3,0.6,15.1,15.1,,-0.1,0.2,0.1,.027,,-4.9,0.2,-4.7,-0.1
90,Zylan Cheatham\cheatzy01,SF,24,NOP,2,20,-3.5,.250,.250,.000,0.0,16.3,7.9,6.2,0.0,0.0,20.0,10.3,,-0.1,0.0,-0.1,-0.131,,-10.1,-1.8,-11.9,0.0
91,Chris Chiozza\chiozch01,PG,24,WAS,10,123,9.3,.397,.471,.000,0.0,14.0,6.6,28.2,3.8,1.4,20.9,14.4,,-0.1,0.1,0.0,-0.009,,-3.9,-0.3,-4.2,-0.1
92,Marquese Chriss\chrisma01,PF,22,GSW,33,566,17.9,.573,.120,.480,10.5,22.9,16.5,15.7,1.6,4.8,18.5,19.5,,0.7,0.6,1.3,.108,,-1.6,2.1,0.4,0.3
93,Gary Clark\clarkga01,PF,25,HOU,17,208,11.7,.548,.862,.121,5.5,13.9,9.7,7.7,0.4,2.9,3.2,12.4,,0.4,0.1,0.5,.122,,0.1,-1.2,-1.1,0.0
94,Brandon Clarke\clarkbr01,PF,23,MEM,28,602,23.4,.693,.145,.194,7.0,20.5,13.7,10.8,0.9,3.6,9.9,20.2,,1.9,0.4,2.3,.184,,2.7,0.0,2.7,0.7
95,Jordan Clarkson\clarkjo01,SG,27,TOT,32,738,19.2,.581,.484,.258,3.2,7.8,5.5,16.9,1.2,0.9,9.0,25.7,,1.7,0.2,1.8,.120,,3.5,-3.3,0.1,0.4
95,Jordan Clarkson\clarkjo01,SG,27,CLE,29,666,19.3,.581,.488,.264,3.4,8.0,5.7,17.7,1.2,1.0,9.7,25.7,,1.5,0.1,1.6,.116,,3.6,-3.3,0.3,0.4
95,Jordan Clarkson\clarkjo01,G,27,UTA,3,72,18.7,.578,.447,.211,1.6,5.7,3.7,10.0,1.3,0.0,2.4,25.8,,0.2,0.1,0.2,.154,,2.3,-3.8,-1.5,0.0
96,Nicolas Claxton\claxtni01,PF,20,BRK,9,119,9.6,.514,.238,.571,7.1,11.5,9.4,12.6,0.4,3.4,18.6,11.2,,0.0,0.1,0.2,.066,,-3.8,1.4,-2.4,0.0
97,Chris Clemons\clemoch01,SG,22,HOU,21,198,14.8,.585,.798,.043,1.0,7.3,4.2,11.6,1.4,1.7,9.5,21.9,,0.3,0.1,0.4,.101,,1.2,-3.7,-2.5,0.0
98,John Collins\collijo01,PF,22,ATL,9,287,20.8,.591,.292,.169,7.1,26.9,16.8,8.9,1.5,5.3,9.7,22.4,,0.4,0.3,0.8,.127,,-0.1,0.8,0.8,0.2
99,Zach Collins\colliza01,PF,22,POR,3,86,9.2,.624,.368,.316,4.8,9.4,7.1,9.3,0.0,1.9,21.7,13.5,,0.1,0.0,0.1,.053,,-1.5,-1.6,-3.1,0.0
100,Mike Conley\conlemi01,PG,32,UTA,22,647,12.3,.491,.410,.280,2.8,9.0,6.1,24.1,1.2,0.5,12.9,23.6,,0.1,0.7,0.8,.062,,-0.7,-0.8,-1.5,0.1
101,Pat Connaughton\connapa01,SG,27,MIL,33,584,12.2,.550,.514,.164,4.0,19.1,11.9,13.8,0.9,2.7,14.3,12.4,,0.6,1.1,1.7,.138,,-1.2,2.3,1.1,0.5
102,Quinn Cook\cookqu01,PG,26,LAL,22,286,7.8,.480,.365,.048,1.6,7.9,4.8,14.8,1.0,0.3,15.2,18.6,,-0.2,0.2,0.0,.008,,-3.9,-2.3,-6.3,-0.3
103,Tyler Cook\cookty01,PF,22,CLE,6,17,34.5,.872,.000,.333,19.1,13.1,16.1,0.0,2.8,0.0,12.7,19.7,,0.1,0.0,0.1,.309,,5.4,-6.0,-0.6,0.0
104,Robert Covington\covinro01,PF,29,MIN,31,880,13.2,.572,.615,.223,2.5,17.8,10.0,5.7,2.4,2.7,12.9,17.8,,0.5,1.1,1.5,.082,,-0.9,0.9,0.0,0.4
105,Allen Crabbe\crabbal01,SG,27,ATL,21,400,8.3,.491,.670,.104,2.1,11.6,6.8,7.4,1.5,0.6,7.7,13.5,,0.0,0.1,0.1,.015,,-2.2,-1.9,-4.2,-0.2
106,Torrey Craig\craigto01,SF,29,DEN,22,267,8.6,.459,.469,.203,5.7,13.1,9.4,7.5,1.3,4.4,10.3,12.6,,0.0,0.4,0.4,.074,,-3.2,2.2,-1.0,0.1
107,Jae Crowder\crowdja01,SF,29,MEM,32,986,10.0,.497,.680,.215,3.0,18.4,10.7,12.1,1.3,1.0,11.7,15.6,,0.1,0.5,0.7,.033,,-0.8,-0.3,-1.1,0.2
108,Jarrett Culver\culveja01,SG,20,MIN,31,699,8.9,.418,.393,.225,4.8,9.9,7.3,12.9,2.0,2.3,10.6,20.0,,-0.9,0.6,-0.3,-0.023,,-3.8,-0.1,-3.9,-0.3
109,Seth Curry\curryse01,SG,29,DAL,30,653,13.1,.603,.584,.199,2.0,7.3,4.7,11.5,1.3,0.5,11.7,17.7,,1.0,0.4,1.5,.109,,1.2,-1.7,-0.5,0.2
110,Stephen Curry\curryst01,PG,31,GSW,4,112,21.1,.548,.561,.273,3.7,15.8,9.6,42.0,2.1,1.6,16.9,33.7,,0.1,0.1,0.2,.085,,4.8,-1.4,3.3,0.2
111,Troy Daniels\danietr01,SG,28,LAL,24,304,8.0,.514,.723,.069,1.5,8.5,5.1,3.5,1.1,0.3,5.5,15.4,,0.1,0.3,0.3,.055,,-1.5,-2.5,-4.1,-0.2
112,Anthony Davis\davisan02,PF,26,LAL,31,1089,28.5,.599,.194,.434,7.7,21.3,14.7,15.6,2.0,6.5,9.6,30.6,,3.7,2.2,5.9,.262,,3.5,3.5,7.0,2.5
113,Ed Davis\davised01,C,30,UTA,19,219,6.9,.407,.000,.321,10.8,28.1,19.9,4.8,2.0,3.0,27.3,8.8,,-0.1,0.5,0.3,.074,,-5.5,4.3,-1.2,0.0
114,Terence Davis\daviste02,SG,22,TOR,33,549,14.6,.610,.562,.142,4.1,14.8,9.6,16.7,1.5,1.0,13.5,16.1,,1.0,0.8,1.7,.151,,1.2,0.5,1.7,0.5
115,Dewayne Dedmon\dedmode01,C,30,SAC,23,312,8.3,.497,.457,.124,9.2,23.4,16.1,3.8,1.4,3.6,22.4,20.0,,-0.5,0.4,-0.1,-0.020,,-5.6,-0.4,-6.0,-0.3
116,Matthew Dellavedova\dellama01,PG,29,CLE,30,399,8.0,.422,.549,.242,3.3,8.6,5.9,26.8,1.5,0.2,19.2,13.3,,0.0,0.1,0.1,.007,,-2.7,-2.4,-5.0,-0.3
117,DeMar DeRozan\derozde01,SF,30,SAS,31,1043,19.6,.579,.039,.366,1.6,15.0,8.4,23.1,1.3,1.0,12.3,26.4,,1.9,0.6,2.5,.116,,0.7,-0.9,-0.1,0.5
118,Cheick Diallo\diallch01,C,23,PHO,21,202,20.2,.734,.015,.323,7.4,26.0,16.3,8.6,0.5,1.7,13.9,18.0,,0.6,0.2,0.7,.177,,-0.2,-1.0,-1.2,0.0
119,Hamidou Diallo\diallha01,SF,21,OKC,12,256,13.9,.525,.141,.196,6.2,13.5,10.0,6.2,3.4,1.3,12.3,19.7,,0.0,0.4,0.4,.072,,-2.6,1.0,-1.6,0.0
120,Gorgui Dieng\dienggo01,C,30,MIN,28,471,17.9,.540,.410,.250,9.2,25.9,17.4,9.2,2.8,4.7,11.3,17.1,,0.6,0.8,1.4,.141,,-1.0,3.1,2.0,0.5
121,Spencer Dinwiddie\dinwisp01,SG,26,BRK,32,991,19.5,.546,.364,.415,0.8,8.9,5.0,35.2,1.2,1.0,12.0,31.9,,1.8,0.9,2.7,.133,,2.9,-2.1,0.8,0.7
122,Donte DiVincenzo\divindo01,SG,23,MIL,32,716,13.9,.537,.474,.158,4.1,15.3,10.0,13.3,3.1,1.0,13.8,16.3,,0.5,1.6,2.1,.140,,-0.3,2.6,2.3,0.8
123,Luka Dončić\doncilu01,PG,20,DAL,28,897,31.5,.614,.465,.471,4.5,25.6,15.3,49.5,1.9,0.3,15.6,36.9,,4.1,1.3,5.4,.288,,11.1,2.6,13.7,3.5
124,Luguentz Dort\dortlu01,SG,20,OKC,7,115,0.9,.391,.560,.400,1.0,8.5,4.8,3.5,0.8,0.0,9.3,12.5,,-0.2,0.1,-0.1,-0.040,,-5.4,-1.9,-7.2,-0.2
125,Damyean Dotson\dotsoda01,SG,25,NYK,29,496,10.9,.517,.608,.139,0.8,10.0,5.2,12.0,1.3,0.8,6.9,16.2,,0.3,0.1,0.5,.045,,-0.8,-2.4,-3.1,-0.1
126,Sekou Doumbouya\doumbse01,SF,19,DET,7,24,1.6,.365,.273,.273,0.0,18.7,9.4,0.0,2.0,0.0,7.5,24.0,,-0.1,0.0,-0.1,-0.156,,-11.8,-6.4,-18.1,-0.1
127,Goran Dragić\dragigo01,PG,33,MIA,23,659,16.3,.572,.457,.320,1.8,10.0,6.1,27.9,1.2,0.9,15.0,24.6,,1.0,0.6,1.5,.112,,1.4,-2.1,-0.6,0.2
128,Andre Drummond\drumman01,C,26,DET,32,1081,22.6,.564,.037,.366,14.7,38.3,26.5,13.6,2.8,4.5,18.5,24.9,,0.9,2.1,3.0,.132,,-1.0,4.5,3.5,1.5
129,Jared Dudley\dudleja01,SF,34,LAL,23,180,8.4,.589,.679,.071,1.9,10.2,6.2,9.5,2.1,0.5,9.4,7.5,,0.2,0.2,0.4,.118,,-0.9,0.4,-0.5,0.1
130,Kris Dunn\dunnkr01,PG,25,CHI,34,798,11.9,.478,.307,.134,2.2,13.3,7.5,20.1,4.2,1.4,13.7,15.0,,0.0,1.6,1.6,.096,,-2.4,3.3,0.9,0.6
131,Carsen Edwards\edwarca01,SG,21,BOS,24,246,6.8,.447,.616,.151,2.2,13.8,8.0,9.4,1.6,0.7,12.4,18.2,,-0.2,0.3,0.1,.018,,-3.4,-0.8,-4.3,-0.1
132,Henry Ellenson\ellenhe01,PF,23,BRK,4,14,-5.0,.143,.571,.000,15.0,14.0,14.5,0.0,0.0,0.0,0.0,20.7,,-0.1,0.0,-0.1,-0.244,,-12.6,-8.1,-20.7,-0.1
133,Wayne Ellington\ellinwa01,SG,32,NYK,18,257,5.3,.460,.852,.074,0.4,11.8,5.9,9.0,0.9,0.7,12.5,15.8,,-0.2,0.1,-0.2,-0.031,,-3.0,-2.7,-5.7,-0.2
134,Joel Embiid\embiijo01,C,25,PHI,29,897,26.3,.596,.238,.513,9.7,34.7,22.4,16.8,1.2,3.8,13.3,31.8,,2.4,1.8,4.2,.226,,2.1,2.2,4.3,1.4
135,James Ennis\ennisja01,SF,29,PHI,35,616,13.6,.585,.478,.283,7.6,14.3,11.0,7.7,1.2,1.6,9.8,15.6,,1.0,0.8,1.8,.142,,0.4,-0.1,0.3,0.4
136,Drew Eubanks\eubandr01,PF,22,SAS,5,34,19.7,.632,.000,.077,18.8,30.9,24.9,9.1,0.0,2.5,22.9,21.9,,0.0,0.0,0.1,.103,,-1.9,-1.5,-3.4,0.0
137,Jacob Evans\evansja02,SG,22,GSW,13,177,3.0,.421,.258,.210,1.8,8.8,5.2,9.9,0.5,2.0,17.1,19.6,,-0.4,0.0,-0.4,-0.102,,-7.9,-2.8,-10.7,-0.4
138,Dante Exum\exumda01,SG,24,TOT,13,114,9.0,.561,.242,.242,3.0,10.1,6.6,10.4,2.1,1.5,26.3,18.8,,-0.1,0.1,0.0,-0.002,,-4.9,0.4,-4.5,-0.1
138,Dante Exum\exumda01,SG,24,UTA,11,83,5.0,.503,.261,.087,4.1,11.1,7.8,12.3,0.6,2.0,29.5,17.8,,-0.2,0.1,-0.1,-0.042,,-6.4,0.3,-6.1,-0.1
138,Dante Exum\exumda01,G,24,CLE,2,31,19.6,.672,.200,.600,0.0,7.2,3.5,5.2,6.2,0.0,19.2,21.5,,0.0,0.0,0.1,.105,,-0.9,0.5,-0.4,0.0
139,Tacko Fall\fallta01,C,24,BOS,3,11,35.3,.732,.000,.250,0.0,67.5,34.1,0.0,0.0,16.8,25.3,46.3,,0.0,0.0,0.0,.087,,-14.0,-2.3,-16.3,0.0
140,Derrick Favors\favorde01,C,28,NOP,18,415,18.4,.562,.024,.152,15.1,31.2,22.9,14.5,1.1,3.2,16.3,15.9,,0.7,0.5,1.2,.134,,-0.8,2.5,1.7,0.4
141,Terrance Ferguson\fergute01,SF,21,OKC,26,699,4.4,.524,.779,.074,2.8,5.4,4.1,5.0,1.0,0.7,13.7,9.3,,0.0,0.4,0.4,.031,,-1.3,-0.1,-1.5,0.1
142,Bruno Fernando\fernabr01,C,21,ATL,33,394,10.7,.525,.233,.311,9.8,18.8,14.2,11.7,1.1,2.4,19.9,15.4,,0.0,0.2,0.3,.032,,-3.2,-0.2,-3.4,-0.1
143,Yogi Ferrell\ferreyo01,PG,26,SAC,25,355,12.3,.531,.363,.283,1.2,10.3,5.6,18.7,1.4,0.8,13.0,18.0,,0.3,0.2,0.5,.067,,-1.9,-2.0,-3.9,-0.2
144,Dorian Finney-Smith\finnedo01,PF,26,DAL,32,912,12.6,.618,.552,.226,6.7,12.2,9.5,6.7,1.1,1.4,11.4,12.3,,1.6,0.8,2.4,.124,,1.4,0.7,2.1,0.9
145,Bryn Forbes\forbebr01,SG,26,SAS,31,801,11.5,.552,.619,.150,1.1,8.8,4.9,9.7,0.8,0.0,7.4,18.8,,0.7,0.1,0.9,.053,,0.8,-3.4,-2.6,-0.1
146,Evan Fournier\fournev01,SG,27,ORL,33,1020,18.1,.606,.442,.252,0.4,9.1,4.6,18.3,1.6,0.4,10.9,25.3,,1.8,0.9,2.7,.126,,3.3,-2.3,1.0,0.8
147,De'Aaron Fox\foxde01,PG,22,SAC,15,443,19.3,.558,.244,.457,3.5,11.7,7.5,38.3,1.8,1.1,18.0,28.6,,0.6,0.3,1.0,.104,,1.8,-1.1,0.7,0.3
148,Melvin Frazier\frazime01,SG,23,ORL,8,23,3.9,.379,.364,.182,4.4,9.6,6.9,6.6,2.1,0.0,7.8,24.3,,-0.1,0.0,0.0,-0.087,,-6.7,-3.3,-10.1,0.0
149,Tim Frazier\fraziti01,PG,29,DET,20,265,12.8,.502,.316,.289,2.6,6.8,4.7,37.9,2.0,0.6,20.4,17.5,,0.3,0.1,0.4,.075,,-1.7,-3.4,-5.1,-0.2
150,Markelle Fultz\fultzma01,PG,21,ORL,32,842,13.5,.513,.167,.223,1.5,10.7,5.9,26.3,2.0,0.8,14.9,21.1,,0.1,0.9,1.0,.055,,-1.9,-0.6,-2.5,-0.1
151,Wenyen Gabriel\gabriwe01,PF,22,SAC,8,49,8.1,.401,.500,.563,9.1,9.6,9.3,8.6,2.0,3.8,13.1,20.5,,-0.1,0.0,0.0,-0.027,,-4.3,-0.3,-4.6,0.0
152,Daniel Gafford\gaffoda01,C,21,CHI,24,274,18.1,.682,.000,.388,8.6,9.2,8.9,4.7,0.5,10.0,8.2,13.2,,0.7,0.4,1.1,.188,,-1.3,4.1,2.9,0.3
153,Danilo Gallinari\gallida01,PF,31,OKC,27,823,18.8,.606,.548,.357,1.9,18.3,10.3,11.4,1.1,0.4,8.9,23.7,,1.9,0.8,2.7,.156,,2.7,-1.6,1.1,0.6
154,Langston Galloway\gallola01,SG,28,DET,34,891,13.0,.602,.641,.208,1.9,7.6,4.8,7.8,1.1,0.8,6.9,16.1,,1.5,0.2,1.7,.093,,1.7,-2.2,-0.5,0.3
155,Darius Garland\garlada01,PG,20,CLE,32,902,7.9,.500,.436,.098,1.7,6.3,3.9,15.7,1.2,0.0,18.7,20.9,,-1.0,0.0,-1.0,-0.051,,-2.7,-2.9,-5.6,-0.8
156,Marc Gasol\gasolma01,C,35,TOR,27,762,10.2,.480,.509,.162,3.2,20.5,12.2,16.4,1.4,3.7,15.1,12.2,,0.2,1.4,1.6,.100,,-2.1,4.0,2.0,0.8
157,Rudy Gay\gayru01,PF,33,SAS,31,706,16.0,.562,.376,.237,5.0,22.6,13.8,11.7,1.1,2.5,13.9,21.3,,0.5,0.6,1.2,.078,,-0.7,-0.1,-0.9,0.2
158,Paul George\georgpa01,SF,29,LAC,23,717,20.7,.588,.516,.278,1.6,17.8,9.9,18.7,2.1,1.5,14.2,30.9,,1.1,1.2,2.2,.149,,3.1,0.5,3.7,1.0
159,Taj Gibson\gibsota01,C,34,NYK,30,481,12.2,.491,.079,.135,11.0,17.5,14.2,10.6,1.8,2.4,15.2,13.9,,0.2,0.4,0.6,.058,,-2.4,1.3,-1.1,0.1
160,Harry Giles\gilesha01,PF,21,SAC,8,69,14.3,.505,.000,.188,4.8,11.9,8.3,19.5,2.2,5.5,12.6,25.2,,0.0,0.1,0.1,.065,,-3.6,1.4,-2.2,0.0
161,Shai Gilgeous-Alexander\gilgesh01,SG,21,OKC,32,1131,16.5,.551,.234,.319,2.1,13.3,7.8,13.2,1.6,0.9,10.4,25.2,,1.0,1.2,2.1,.091,,-0.6,-0.6,-1.2,0.2
162,Rudy Gobert\goberru01,C,27,UTA,31,1072,21.2,.685,.000,.651,11.6,31.6,22.1,6.5,1.0,4.6,16.4,16.4,,2.7,2.2,5.0,.222,,0.4,4.0,4.4,1.7
163,Brandon Goodwin\goodwbr01,PG,24,ATL,5,54,15.8,.525,.435,.174,2.0,12.3,7.0,25.5,2.6,3.1,13.9,22.1,,0.0,0.0,0.1,.070,,-1.0,-1.0,-2.0,0.0
164,Aaron Gordon\gordoaa01,PF,24,ORL,29,903,13.4,.486,.319,.257,5.8,19.0,12.2,14.5,1.0,1.9,10.0,21.0,,0.1,1.0,1.1,.059,,-1.6,0.5,-1.0,0.2
165,Eric Gordon\gordoer01,SG,31,HOU,10,287,5.1,.448,.664,.180,1.4,5.0,3.2,4.9,1.0,0.6,10.2,20.9,,-0.4,0.1,-0.3,-0.049,,-4.0,-3.8,-7.8,-0.4
166,Devonte' Graham\grahade01,PG,24,CHO,35,1215,17.1,.537,.596,.252,2.9,9.6,6.1,36.4,1.2,0.7,14.3,25.9,,1.8,0.3,2.1,.084,,3.6,-3.0,0.6,0.8
167,Treveon Graham\grahatr01,SG,26,MIN,29,612,6.3,.440,.479,.215,4.6,11.2,7.8,5.9,1.2,0.3,8.2,13.1,,-0.2,0.3,0.1,.010,,-3.5,-1.1,-4.6,-0.4
168,Jerami Grant\grantje01,PF,25,DEN,32,753,12.6,.574,.430,.309,2.1,12.8,7.4,5.4,1.0,2.5,8.7,17.8,,0.7,1.0,1.7,.108,,-1.1,-0.1,-1.2,0.1
169,Josh Gray\grayjo01,PG,26,NOP,2,23,-5.0,.500,.000,.000,4.5,4.7,4.6,10.8,0.0,0.0,71.4,12.6,,-0.1,0.0,-0.1,-0.236,,-11.6,-1.9,-13.5,-0.1
170,Danny Green\greenda02,SG,32,LAL,33,837,10.9,.567,.733,.103,3.1,12.7,8.0,6.2,2.2,1.7,11.3,13.9,,0.6,1.2,1.8,.103,,0.3,1.0,1.3,0.7
171,Draymond Green\greendr01,PF,29,GSW,24,704,13.4,.505,.340,.305,2.2,21.4,11.5,28.1,2.6,2.1,20.4,17.2,,0.0,0.8,0.7,.051,,-2.2,1.7,-0.5,0.3
172,JaMychal Green\greenja01,PF,29,LAC,25,514,11.4,.550,.687,.153,6.6,24.6,15.8,3.9,1.4,1.4,11.6,14.4,,0.4,0.8,1.2,.116,,-1.0,0.6,-0.4,0.2
173,Javonte Green\greenja02,SF,26,BOS,24,183,11.5,.601,.255,.137,3.5,13.9,8.8,5.6,1.1,2.0,12.9,14.5,,0.1,0.2,0.4,.102,,-2.2,0.0,-2.2,0.0
174,Jeff Green\greenje02,PF,33,UTA,30,553,10.3,.523,.533,.323,2.8,12.4,7.9,5.4,1.0,1.5,10.8,19.7,,0.0,0.7,0.7,.059,,-2.2,-0.7,-3.0,-0.1
175,Blake Griffin\griffbl01,PF,30,DET,18,512,12.1,.476,.444,.392,3.8,14.7,9.3,17.6,0.7,1.1,12.0,28.1,,-0.2,0.2,-0.1,-0.006,,-1.9,-2.6,-4.5,-0.3
176,Marko Guduric\gudurma01,SG,24,MEM,26,382,7.6,.476,.508,.135,3.3,11.5,7.4,12.5,1.1,1.4,17.3,17.6,,-0.4,0.1,-0.2,-0.029,,-3.6,-1.7,-5.3,-0.3
177,Rui Hachimura\hachiru01,PF,21,WAS,25,729,14.3,.533,.158,.178,5.5,16.7,10.8,8.0,1.1,0.4,5.8,19.6,,0.9,0.0,0.8,.056,,-1.0,-2.6,-3.6,-0.3
178,Devon Hall\hallde01,SG,24,OKC,5,20,3.8,.370,.400,.800,0.0,5.4,2.8,19.7,0.0,0.0,12.9,17.2,,0.0,0.0,0.0,-0.060,,-6.8,-4.8,-11.6,0.0
179,Tim Hardaway\hardati02,SG,27,DAL,32,816,14.1,.560,.595,.170,1.3,8.9,5.2,9.9,1.1,0.3,6.9,22.0,,1.1,0.6,1.7,.099,,1.3,-2.6,-1.3,0.1
180,James Harden\hardeja01,SG,30,HOU,32,1205,32.0,.639,.556,.501,2.8,13.3,8.1,35.7,2.3,1.8,13.5,37.7,,6.3,1.3,7.6,.301,,11.4,-0.5,10.8,3.9
181,Maurice Harkless\harklma01,SF,26,LAC,34,788,9.6,.562,.347,.220,4.1,11.7,8.0,6.3,2.3,2.6,15.9,10.2,,0.4,1.2,1.6,.097,,-1.3,3.5,2.2,0.8
182,Jared Harper\harpeja01,PG,22,PHO,1,2,-19.5,.000,1.000,.000,0.0,0.0,0.0,0.0,0.0,0.0,0.0,21.1,,0.0,0.0,0.0,-0.528,,-16.2,-7.4,-23.6,0.0
183,Montrezl Harrell\harremo01,C,26,LAC,33,964,23.0,.600,.027,.378,10.6,15.6,13.2,10.9,1.2,3.4,10.8,24.8,,2.5,1.4,3.9,.192,,1.6,1.6,3.2,1.3
184,Gary Harris\harriga01,SG,25,DEN,31,1019,10.9,.538,.433,.164,1.7,7.5,4.6,9.3,2.1,0.8,8.9,15.2,,0.7,1.3,2.0,.094,,-0.5,0.7,0.1,0.6
185,Joe Harris\harrijo01,SF,28,BRK,32,1021,13.3,.601,.536,.099,2.8,10.0,6.5,9.9,0.9,0.9,9.9,17.5,,1.4,0.9,2.3,.107,,0.9,-0.7,0.2,0.6
186,Tobias Harris\harrito02,PF,27,PHI,35,1203,17.5,.566,.291,.210,2.7,18.9,10.9,14.1,1.2,1.7,9.1,23.9,,1.8,1.7,3.4,.137,,0.5,0.3,0.8,0.9
187,Shaquille Harrison\harrish01,SF,26,CHI,20,156,14.7,.461,.192,.385,3.9,19.0,11.2,23.0,3.1,3.0,9.0,18.1,,0.1,0.3,0.4,.119,,-3.0,3.0,0.0,0.1
188,Josh Hart\hartjo01,SF,24,NOP,27,747,11.6,.557,.700,.193,3.2,19.6,11.2,7.5,1.7,0.8,11.4,16.5,,0.5,0.6,1.0,.067,,-0.3,-0.6,-0.9,0.2
189,Isaiah Hartenstein\harteis01,C,21,HOU,11,162,16.7,.727,.029,.441,9.6,21.0,15.3,8.7,1.1,3.2,19.8,12.8,,0.4,0.2,0.6,.174,,-0.8,1.1,0.3,0.1
190,Udonis Haslem\hasleud01,PF,39,MIA,2,11,16.2,.906,.000,4.000,0.0,29.1,15.3,0.0,0.0,0.0,0.0,10.9,,0.1,0.0,0.1,.294,,-1.8,-5.6,-7.4,0.0
191,Jaxson Hayes\hayesja02,C,19,NOP,31,626,17.2,.656,.026,.629,9.3,14.8,12.0,5.9,1.5,4.9,11.9,14.4,,1.5,0.6,2.1,.159,,-0.2,1.8,1.6,0.6
192,Gordon Hayward\haywago01,SF,29,BOS,14,427,20.0,.603,.297,.171,2.5,18.1,10.4,23.0,1.2,1.5,10.9,21.2,,1.1,0.6,1.7,.188,,2.5,0.8,3.3,0.6
193,John Henson\hensojo01,PF,29,CLE,14,178,17.8,.534,.267,.378,7.9,21.8,14.8,15.8,2.4,9.6,17.3,15.2,,0.1,0.3,0.4,.105,,-1.7,6.1,4.4,0.3
194,Dewan Hernandez\hernade01,C,23,TOR,4,11,4.4,.340,.200,.400,19.5,45.5,32.9,0.0,4.3,0.0,14.5,26.7,,0.0,0.0,0.0,.011,,-13.3,-6.0,-19.3,0.0
195,Juan Hernangómez\hernaju01,PF,24,DEN,20,256,6.8,.457,.643,.214,5.1,15.8,10.4,7.3,0.2,1.1,11.5,14.6,,-0.1,0.3,0.2,.031,,-3.4,-1.1,-4.5,-0.2
196,Willy Hernangómez\hernawi01,C,25,CHO,11,69,14.1,.480,.269,.462,15.0,23.2,18.9,7.0,0.7,3.9,16.1,23.4,,0.0,0.1,0.0,.006,,-4.8,-1.8,-6.5,-0.1
197,Tyler Herro\herroty01,SG,20,MIA,32,915,11.6,.538,.451,.166,1.2,14.8,8.4,11.7,1.1,0.3,13.0,22.2,,0.0,0.9,0.8,.044,,-1.9,-1.6,-3.5,-0.3
198,Kevin Hervey\herveke01,F,23,OKC,2,8,-15.2,.000,.750,.000,0.0,27.0,13.9,15.4,0.0,0.0,0.0,22.2,,-0.1,0.0,-0.1,-0.454,,-15.9,-3.1,-19.0,0.0
199,Mario Hezonja\hezonma01,PF,24,POR,25,414,7.2,.461,.320,.290,4.0,22.4,13.4,6.9,1.5,0.4,15.1,13.5,,-0.2,0.4,0.2,.020,,-4.1,-0.2,-4.3,-0.2
200,Buddy Hield\hieldbu01,SG,27,SAC,33,1128,14.7,.535,.561,.116,2.9,14.2,8.4,14.8,1.2,0.9,11.7,27.5,,0.4,0.7,1.1,.045,,1.1,-2.1,-0.9,0.3
201,George Hill\hillge01,PG,33,MIL,33,708,19.9,.710,.466,.233,4.7,9.8,7.4,18.7,1.6,0.4,11.4,15.9,,2.6,1.1,3.7,.251,,4.5,-0.1,4.4,1.2
202,Solomon Hill\hillso01,SF,28,MEM,32,631,10.7,.543,.596,.140,3.4,14.5,8.9,12.2,2.0,0.7,13.8,13.9,,0.3,0.4,0.7,.053,,-0.7,-0.4,-1.0,0.2
203,Jaylen Hoard\hoardja01,SF,20,POR,5,18,23.0,.509,.000,.333,17.3,22.4,19.9,16.1,2.6,0.0,0.0,16.1,,0.1,0.0,0.1,.220,,2.5,0.3,2.8,0.0
204,Aaron Holiday\holidaa01,PG,23,IND,31,718,14.3,.556,.436,.143,1.7,10.0,5.9,19.3,1.8,0.4,12.6,21.1,,0.6,0.8,1.5,.100,,0.6,-0.8,-0.2,0.3
205,Jrue Holiday\holidjr01,SG,29,NOP,32,1142,17.1,.516,.319,.156,4.0,10.7,7.2,29.0,2.3,1.8,13.8,25.9,,0.8,0.8,1.6,.067,,1.0,-0.1,1.0,0.9
206,Justin Holiday\holidju01,SG,30,IND,33,829,10.8,.526,.626,.114,2.1,13.4,7.8,7.6,2.0,1.9,7.3,13.0,,0.5,1.2,1.7,.097,,-0.5,1.8,1.3,0.7
207,Rondae Hollis-Jefferson\holliro01,SF,25,TOR,25,490,16.7,.558,.066,.447,12.2,15.1,13.7,11.6,1.8,1.9,12.9,18.2,,0.9,0.8,1.7,.163,,-0.3,1.8,1.5,0.4
208,Richaun Holmes\holmeri01,C,26,SAC,33,968,21.4,.697,.000,.289,11.6,21.9,16.6,5.9,1.8,4.2,11.4,15.5,,3.1,1.2,4.3,.215,,1.8,2.3,4.1,1.5
209,Rodney Hood\hoodro01,SF,27,POR,21,619,12.4,.625,.413,.157,1.7,10.1,6.0,7.2,1.3,0.5,9.4,13.8,,1.0,0.2,1.2,.096,,0.9,-1.1,-0.2,0.3
210,Al Horford\horfoal01,C,33,PHI,31,946,16.6,.534,.357,.111,6.0,17.9,12.1,18.3,1.6,2.7,8.5,18.2,,1.5,1.5,3.0,.150,,1.1,2.2,3.3,1.3
211,Talen Horton-Tucker\hortota01,SG,19,LAL,2,5,15.2,.000,1.000,.000,0.0,0.0,0.0,45.4,9.6,0.0,0.0,8.5,,0.0,0.0,0.0,.110,,-5.5,-3.9,-9.4,0.0
212,Danuel House\houseda01,SF,26,HOU,27,832,12.4,.587,.642,.189,4.1,9.7,6.9,5.8,1.6,1.6,9.0,14.3,,1.2,0.6,1.8,.105,,0.6,-0.4,0.2,0.5
213,Dwight Howard\howardw01,C,34,LAL,33,647,17.6,.718,.024,.667,12.8,25.7,19.4,4.9,1.0,6.3,19.7,13.3,,1.3,1.2,2.6,.190,,-0.4,3.2,2.8,0.8
214,Kevin Huerter\huertke01,SG,21,ATL,23,589,11.3,.524,.575,.180,2.0,12.4,7.1,19.3,1.7,1.6,16.3,18.2,,0.0,0.3,0.3,.025,,-1.2,-1.2,-2.5,-0.1
215,De'Andre Hunter\huntede01,SF,22,ATL,33,1050,8.4,.506,.431,.204,1.6,11.9,6.7,8.5,1.0,0.7,12.0,18.5,,-0.4,0.2,-0.3,-0.012,,-2.8,-2.2,-5.0,-0.8
216,Chandler Hutchison\hutchch01,SF,23,CHI,9,154,11.0,.564,.273,.659,0.7,22.8,11.3,7.8,1.5,1.2,17.5,18.9,,0.0,0.2,0.2,.061,,-5.4,0.2,-5.3,-0.1
217,Serge Ibaka\ibakase01,C,30,TOR,23,569,17.0,.552,.218,.234,9.2,23.4,16.5,8.5,0.9,3.4,13.5,25.0,,0.3,1.0,1.3,.112,,-2.1,0.7,-1.4,0.1
218,Ersan İlyasova\ilyaser01,PF,32,MIL,32,545,19.6,.640,.434,.275,7.9,23.2,16.0,8.0,1.2,1.8,8.2,17.5,,1.6,1.1,2.6,.233,,1.8,0.6,2.4,0.6
219,Joe Ingles\inglejo01,SF,32,UTA,33,986,12.2,.593,.634,.166,1.6,13.8,8.0,21.1,1.5,0.4,19.3,15.6,,0.9,1.3,2.2,.107,,0.8,1.0,1.8,0.9
220,Brandon Ingram\ingrabr01,PF,22,NOP,30,1022,22.0,.606,.312,.319,2.5,19.7,10.8,19.3,1.3,2.0,12.1,28.8,,2.4,0.8,3.1,.147,,3.0,-0.5,2.4,1.1
221,Kyrie Irving\irvinky01,PG,27,BRK,11,372,25.8,.561,.361,.250,2.8,12.9,8.0,40.6,1.5,1.3,8.5,34.0,,1.2,0.4,1.6,.210,,7.2,-0.4,6.9,0.8
222,Jonathan Isaac\isaacjo01,SF,22,ORL,31,947,17.3,.542,.284,.228,6.0,19.2,12.4,7.3,2.5,7.5,11.8,18.3,,0.5,1.9,2.4,.121,,-1.7,4.9,3.3,1.3
223,Wesley Iwundu\iwundwe01,SF,25,ORL,19,276,6.2,.385,.286,.349,3.3,12.0,7.5,9.0,1.8,1.6,11.0,12.8,,-0.3,0.3,0.0,.005,,-5.6,0.8,-4.7,-0.2
224,Frank Jackson\jacksfr01,PG,21,NOP,27,355,7.1,.478,.463,.215,1.4,8.6,4.9,9.3,1.2,0.2,12.4,21.7,,-0.3,0.1,-0.3,-0.034,,-4.2,-3.6,-7.8,-0.5
225,Jaren Jackson\jacksja02,C,20,MEM,33,918,16.9,.592,.475,.229,3.8,14.4,9.1,8.4,1.1,4.1,10.6,24.9,,1.1,0.6,1.7,.090,,1.4,-1.1,0.3,0.5
226,Justin Jackson\jacksju01,PF,24,DAL,28,414,11.1,.528,.503,.141,3.1,13.9,8.6,5.5,0.6,0.4,3.1,16.8,,0.5,0.3,0.8,.088,,-1.1,-2.3,-3.4,-0.1
227,Reggie Jackson\jacksre01,PG,29,DET,2,36,10.9,.437,.455,.091,3.2,12.5,7.8,31.1,0.0,0.0,8.0,14.9,,0.0,0.0,0.0,.060,,-1.5,-3.9,-5.4,0.0
228,Justin James\jamesju01,SG,23,SAC,15,176,9.3,.453,.350,.150,1.9,14.7,8.1,9.3,1.4,4.3,9.9,17.7,,-0.2,0.2,0.0,.001,,-4.9,0.5,-4.4,-0.1
229,LeBron James\jamesle01,PG,35,LAL,32,1119,26.2,.568,.316,.274,3.3,20.0,11.9,51.2,1.8,1.5,14.6,31.5,,3.4,1.7,5.2,.221,,6.9,2.1,9.0,3.1
230,Amile Jefferson\jeffeam01,PF,26,ORL,9,27,8.4,.510,.000,.400,11.4,16.3,13.8,10.9,0.0,3.4,25.4,12.7,,0.0,0.0,0.0,.025,,-5.2,0.8,-4.4,0.0
231,DaQuan Jeffries\jeffrda01,SG,22,SAC,2,11,12.8,1.000,.000,.000,10.1,0.0,5.2,12.6,0.0,0.0,0.0,4.0,,0.0,0.0,0.0,.170,,2.4,-3.1,-0.7,0.0
232,Ty Jerome\jeromty01,PG,22,PHO,10,134,9.1,.410,.408,.102,2.4,11.9,7.0,22.3,3.8,0.0,15.0,18.9,,-0.2,0.2,0.0,-0.007,,-3.8,0.1,-3.7,-0.1
233,Alize Johnson\johnsal02,SF,23,IND,10,43,16.2,.576,.000,.308,15.3,22.4,18.9,6.6,0.0,0.0,6.3,15.9,,0.1,0.0,0.2,.182,,-0.8,-2.1,-2.8,0.0
234,B.J. Johnson\johnsbj01,SF,24,ORL,1,3,0.0,,,,0.0,0.0,0.0,0.0,0.0,0.0,,0.0,,0.0,0.0,0.0,.005,,-6.9,0.2,-6.7,0.0
235,Cameron Johnson\johnsca02,PF,23,PHO,30,631,13.0,.600,.703,.139,4.9,12.1,8.4,6.7,1.2,1.1,8.3,16.1,,0.9,0.3,1.2,.093,,1.3,-1.4,-0.1,0.3
236,James Johnson\johnsja01,PF,32,MIA,6,68,9.4,.506,.500,.222,3.5,14.1,9.1,8.5,2.1,2.9,16.8,15.2,,0.0,0.1,0.1,.041,,-3.6,1.0,-2.7,0.0
237,Keldon Johnson\johnske04,SF,20,SAS,1,2,-19.8,.000,.000,.000,0.0,0.0,0.0,0.0,0.0,0.0,0.0,21.3,,0.0,0.0,0.0,-0.540,,-21.4,-6.5,-27.9,0.0
238,Stanley Johnson\johnsst04,PF,23,TOR,7,25,6.0,.500,.308,.000,8.6,28.0,18.6,0.0,3.8,0.0,27.8,30.8,,-0.1,0.1,-0.1,-0.121,,-12.2,-4.7,-16.9,-0.1
239,Tyler Johnson\johnsty01,SG,27,PHO,22,403,8.5,.495,.496,.211,2.1,9.9,5.9,14.4,0.9,1.5,13.0,16.1,,0.0,0.2,0.2,.019,,-2.7,-1.3,-4.0,-0.2
240,Nikola Jokić\jokicni01,C,24,DEN,32,997,23.7,.575,.282,.218,7.9,27.0,17.4,35.3,1.6,1.6,13.9,25.3,,2.7,1.8,4.5,.218,,4.8,3.2,8.0,2.5
241,Damian Jones\jonesda03,C,24,ATL,31,538,16.7,.712,.049,.434,9.5,13.7,11.6,5.9,1.1,4.2,11.0,12.6,,1.5,0.3,1.8,.159,,0.4,0.4,0.8,0.4
242,Derrick Jones\jonesde02,SF,22,MIA,19,439,13.6,.607,.355,.439,4.1,13.6,9.1,6.4,2.4,2.2,10.5,14.1,,0.6,0.6,1.3,.137,,-0.4,1.3,0.9,0.3
243,Tyus Jones\jonesty01,PG,23,MEM,34,674,13.9,.499,.273,.137,0.8,8.1,4.4,32.8,2.2,0.5,13.9,15.6,,0.7,0.3,1.0,.074,,-1.3,-2.7,-4.0,-0.3
244,DeAndre Jordan\jordade01,C,31,BRK,29,618,21.1,.662,.000,.466,12.1,34.7,23.8,14.9,0.9,3.8,16.2,14.1,,1.7,1.2,2.9,.224,,-0.3,4.0,3.7,0.9
245,Cory Joseph\josepco01,PG,28,SAC,33,884,8.6,.452,.311,.132,2.4,9.9,6.0,20.2,1.3,1.5,16.1,13.3,,0.0,0.5,0.5,.030,,-3.1,-0.1,-3.2,-0.3
246,Mfiondu Kabengele\kabenmf01,C,22,LAC,10,44,18.7,.622,.545,.136,2.4,16.1,9.4,3.6,1.1,2.0,4.1,22.6,,0.1,0.1,0.2,.190,,1.4,-2.7,-1.2,0.0
247,Frank Kaminsky\kaminfr01,C,26,PHO,32,718,14.7,.554,.401,.315,4.4,20.3,12.1,14.6,0.8,1.2,9.4,20.6,,0.9,0.5,1.4,.092,,-0.2,-0.8,-1.0,0.2
248,Enes Kanter\kanteen01,C,27,BOS,23,402,24.2,.596,.021,.317,18.6,27.2,22.9,9.6,1.7,3.2,10.5,19.3,,1.3,0.8,2.1,.248,,1.8,2.2,4.0,0.6
249,Luke Kennard\kennalu01,SG,23,DET,28,922,14.5,.589,.535,.219,1.1,10.8,6.0,18.8,0.6,0.5,10.3,19.6,,1.8,0.2,1.9,.101,,2.1,-2.6,-0.4,0.4
250,Stanton Kidd\kiddst01,SF,27,UTA,4,15,-13.6,.000,.333,.000,0.0,20.5,10.7,8.3,0.0,0.0,40.0,14.5,,-0.1,0.0,-0.1,-0.317,,-16.4,0.5,-15.8,-0.1
251,Michael Kidd-Gilchrist\kiddgmi01,PF,26,CHO,11,151,6.1,.418,.333,.176,6.2,18.9,12.2,8.9,0.0,1.8,11.3,17.8,,-0.2,0.0,-0.1,-0.034,,-5.9,-2.3,-8.2,-0.2
252,Louis King\kinglo02,F,20,DET,3,9,21.7,.500,.429,.000,12.6,12.5,12.5,22.6,5.4,0.0,12.5,38.4,,0.0,0.0,0.0,.017,,3.2,-0.7,2.5,0.0
253,Maxi Kleber\klebima01,C,28,DAL,31,736,12.7,.590,.587,.184,7.1,15.9,11.6,5.7,0.6,2.4,10.2,13.6,,1.2,0.7,1.9,.124,,0.5,0.3,0.8,0.5
254,Brandon Knight\knighbr03,PG,28,CLE,10,114,8.9,.465,.745,.170,0.9,6.8,3.8,20.9,1.7,0.7,13.7,21.8,,-0.1,0.0,-0.1,-0.026,,-1.4,-3.9,-5.3,-0.1
255,Kevin Knox\knoxke01,SF,20,NYK,32,642,11.0,.507,.527,.268,1.9,13.8,7.6,8.8,1.4,2.4,9.1,18.2,,0.2,0.3,0.5,.037,,-1.7,-1.0,-2.7,-0.1
256,John Konchar\konchjo01,SG,23,MEM,2,8,1.4,,,,0.0,13.4,6.7,0.0,0.0,0.0,,0.0,,0.0,0.0,0.0,-0.002,,-7.3,-1.2,-8.5,0.0
257,Furkan Korkmaz\korkmfu01,SG,22,PHI,34,706,10.3,.560,.602,.104,1.1,10.8,6.1,5.4,1.3,0.8,8.7,16.8,,0.4,0.8,1.2,.079,,-1.0,-1.3,-2.3,0.0
258,Luke Kornet\kornelu01,C,24,CHI,17,151,9.3,.441,.580,.100,4.0,13.1,8.4,5.8,0.6,6.9,5.4,15.4,,-0.1,0.2,0.2,.048,,-4.6,1.7,-2.9,0.0
259,Kyle Korver\korveky01,SF,38,MIL,30,501,10.5,.596,.815,.126,1.5,9.0,5.4,8.1,1.4,1.0,13.6,15.2,,0.4,0.8,1.1,.109,,0.1,-0.4,-0.3,0.2
260,Rodions Kurucs\kurucro01,PF,21,BRK,17,181,4.8,.529,.366,.244,5.2,16.2,10.9,6.9,1.6,0.4,29.5,14.7,,-0.3,0.2,-0.1,-0.013,,-6.1,0.4,-5.8,-0.2
261,Kyle Kuzma\kuzmaky01,PF,24,LAL,24,567,10.9,.540,.465,.206,2.4,13.9,8.3,4.6,0.8,1.6,12.5,22.7,,-0.1,0.6,0.5,.041,,-2.7,-2.1,-4.8,-0.4
262,Skal Labissière\labissk01,C,23,POR,33,567,15.6,.588,.088,.224,11.9,18.5,15.3,10.4,0.6,4.6,15.7,14.2,,1.1,0.5,1.5,.130,,-0.2,1.6,1.4,0.5
263,Jeremy Lamb\lambje01,SG,27,IND,22,667,14.2,.537,.322,.227,2.0,14.6,8.4,11.4,2.0,1.8,10.2,20.4,,0.4,1.0,1.4,.098,,-0.9,1.2,0.4,0.4
264,Romeo Langford\langfro01,SG,20,BOS,7,86,7.0,.481,.500,.222,5.0,3.7,4.4,1.5,1.7,2.1,9.2,10.8,,0.0,0.1,0.1,.057,,-2.5,0.3,-2.2,0.0
265,Zach LaVine\lavinza01,SG,24,CHI,34,1132,18.0,.560,.420,.293,2.2,12.9,7.3,20.9,1.9,1.2,13.9,30.7,,0.8,1.5,2.2,.095,,1.6,-0.6,1.1,0.9
266,Jake Layman\laymaja01,PF,25,MIN,14,369,10.4,.539,.409,.076,3.3,8.3,5.7,4.6,1.5,2.2,11.7,17.3,,0.0,0.2,0.2,.028,,-2.4,-0.8,-3.3,-0.1
267,T.J. Leaf\leaftj01,PF,22,IND,20,172,14.9,.489,.210,.161,12.7,23.7,18.3,4.9,2.0,1.5,8.3,18.3,,0.1,0.3,0.4,.114,,-2.6,0.0,-2.6,0.0
268,Courtney Lee\leeco01,SG,34,DAL,8,69,15.2,.750,.545,.000,0.0,4.4,2.3,6.5,0.0,2.5,8.3,14.8,,0.2,0.0,0.2,.139,,1.7,-2.7,-1.0,0.0
269,Damion Lee\leeda03,SG,27,GSW,20,505,15.2,.556,.379,.353,4.1,19.1,11.4,13.4,1.5,0.0,9.5,20.4,,0.7,0.3,1.0,.096,,-0.1,-1.9,-2.1,0.0
270,Alex Len\lenal01,C,26,ATL,32,576,18.4,.611,.223,.277,9.6,23.2,16.3,10.3,1.2,3.4,12.4,18.7,,1.1,0.5,1.5,.126,,0.0,0.0,0.0,0.3
271,Kawhi Leonard\leonaka01,SF,28,LAC,25,795,25.2,.567,.249,.347,3.8,21.3,12.7,27.8,2.6,1.5,13.1,33.5,,1.7,1.5,3.2,.191,,3.5,2.5,6.1,1.6
272,Meyers Leonard\leoname01,PF,27,MIA,33,628,11.7,.669,.467,.109,3.8,22.9,13.9,7.6,0.5,2.2,15.3,11.7,,0.8,0.8,1.5,.117,,-1.1,0.6,-0.5,0.2
273,Caris LeVert\leverca01,SG,25,BRK,9,284,10.8,.491,.257,.221,3.7,12.1,8.0,20.6,1.0,0.3,16.8,26.9,,-0.3,0.3,-0.1,-0.016,,-3.6,-1.4,-5.0,-0.2
274,Damian Lillard\lillada01,PG,29,POR,32,1179,24.7,.607,.505,.408,1.3,10.0,5.7,32.7,1.2,0.9,11.4,28.9,,4.6,0.5,5.0,.205,,7.7,-2.7,5.0,2.1
275,Nassir Little\littlna01,PF,19,POR,23,321,8.9,.470,.375,.325,6.8,14.8,10.9,5.8,1.2,1.8,10.7,13.4,,0.1,0.2,0.3,.039,,-2.5,-0.5,-3.0,-0.1
276,Kevon Looney\looneke01,C,23,GSW,10,105,6.7,.380,.063,.156,14.9,14.8,14.8,5.5,1.4,1.7,14.9,16.2,,-0.1,0.1,-0.1,-0.033,,-6.0,-1.4,-7.4,-0.1
277,Brook Lopez\lopezbr01,C,31,MIL,33,872,14.1,.529,.539,.199,2.9,14.9,9.2,7.5,1.3,7.9,9.0,16.8,,0.6,2.0,2.6,.141,,-1.4,4.4,3.0,1.1
278,Robin Lopez\lopezro01,C,31,MIL,35,508,12.0,.573,.344,.206,7.2,10.9,9.2,6.5,0.5,4.5,17.1,17.1,,0.2,0.8,1.1,.100,,-2.2,1.2,-1.0,0.1
279,Kevin Love\loveke01,PF,31,CLE,27,826,18.6,.605,.522,.349,3.4,34.9,19.0,15.1,0.9,1.0,16.3,23.0,,1.1,0.6,1.8,.104,,1.0,0.0,1.0,0.6
280,Kyle Lowry\lowryky01,PG,33,TOR,22,839,17.9,.602,.570,.414,1.5,11.6,6.7,29.7,1.5,0.9,16.3,23.1,,1.8,1.1,2.9,.166,,3.5,-0.2,3.3,1.1
281,Timothé Luwawu-Cabarrot\luwawti01,SG,24,BRK,10,169,5.9,.529,.512,.293,1.9,11.0,6.6,4.9,1.4,0.5,19.2,14.0,,-0.1,0.2,0.1,.015,,-4.7,-0.4,-5.2,-0.1
282,Trey Lyles\lylestr01,PF,24,SAS,31,529,12.6,.550,.548,.103,6.8,28.0,17.5,10.0,0.7,1.8,13.2,12.2,,0.5,0.4,1.0,.087,,-1.1,0.4,-0.7,0.2
283,Daryl Macon\maconda01,SG,24,MIA,4,14,-2.9,.500,.667,.000,0.0,0.0,0.0,9.7,0.0,0.0,40.0,15.5,,0.0,0.0,0.0,-0.149,,-9.2,-5.8,-15.0,0.0
284,Josh Magette\magetjo01,PG,30,ORL,4,12,15.2,.444,.000,.286,8.5,18.4,13.3,30.8,8.2,0.0,27.6,39.3,,-0.1,0.0,0.0,-0.156,,-7.3,5.2,-2.1,0.0
285,Ian Mahinmi\mahinia01,C,33,WAS,12,256,16.9,.585,.153,.639,12.5,19.3,15.7,5.8,1.6,5.8,15.6,17.6,,0.4,0.2,0.5,.097,,-1.0,1.0,0.0,0.1
286,Thon Maker\makerth01,C,22,DET,32,356,11.7,.599,.296,.746,6.4,13.3,9.8,5.4,1.2,4.2,16.8,13.7,,0.3,0.3,0.6,.081,,-2.2,0.6,-1.6,0.0
287,Terance Mann\mannte01,SG,23,LAC,22,203,9.3,.560,.214,.238,1.6,11.0,6.4,18.3,1.4,1.3,20.5,11.8,,0.1,0.2,0.4,.088,,-2.8,0.7,-2.1,0.0
288,Boban Marjanović\marjabo01,C,31,DAL,15,143,17.0,.560,.051,.339,11.2,31.8,21.8,7.7,0.7,1.8,15.0,23.7,,0.1,0.2,0.3,.116,,-4.0,-1.0,-4.9,-0.1
289,Lauri Markkanen\markkla01,PF,22,CHI,34,1023,14.7,.557,.520,.298,3.8,20.2,11.7,8.7,1.4,1.8,11.6,21.4,,0.7,1.5,2.2,.103,,-0.8,0.3,-0.5,0.4
290,Caleb Martin\martica02,SF,24,CHO,5,32,5.1,.369,.300,.500,3.2,14.3,8.5,13.6,1.5,5.7,19.7,20.6,,-0.1,0.0,-0.1,-0.111,,-9.0,0.8,-8.2,-0.1
291,Cody Martin\martico01,SF,24,CHO,26,392,10.8,.502,.391,.483,3.4,16.9,9.8,12.1,2.8,0.9,12.5,13.3,,0.2,0.4,0.5,.066,,-2.7,0.6,-2.2,0.0
292,Kelan Martin\martike03,SF,24,MIN,13,208,6.9,.474,.547,.027,1.9,19.2,10.4,3.6,0.7,0.8,6.2,16.0,,-0.1,0.1,0.0,.011,,-4.5,-2.6,-7.0,-0.3
293,Frank Mason\masonfr01,PG,25,MIL,4,18,6.3,.285,.571,.571,5.8,5.2,5.5,32.3,2.5,0.0,10.2,22.4,,0.0,0.0,0.0,-0.016,,-4.3,-2.1,-6.4,0.0
294,Garrison Mathews\mathega01,SG,23,WAS,11,130,14.0,.739,.867,.700,4.0,12.4,7.9,5.9,0.7,0.7,13.3,14.3,,0.4,0.0,0.4,.131,,2.8,-3.9,-1.1,0.0
295,Wesley Matthews\matthwe02,SG,33,MIL,33,789,9.8,.586,.678,.193,0.9,8.5,5.0,7.1,1.4,0.6,9.9,12.7,,0.7,1.1,1.9,.115,,-0.1,0.2,0.1,0.4
296,Patrick McCaw\mccawpa01,SF,24,TOR,12,319,8.1,.570,.500,.063,2.4,6.9,4.7,9.5,2.2,0.3,19.6,10.9,,0.0,0.4,0.4,.066,,-1.7,1.2,-0.5,0.1
297,CJ McCollum\mccolcj01,SG,28,POR,34,1247,17.2,.545,.363,.119,2.1,9.8,6.0,16.4,1.1,1.6,8.6,25.8,,1.7,0.5,2.2,.085,,1.9,-2.0,0.0,0.6
298,T.J. McConnell\mccontj01,PG,27,IND,31,563,17.3,.533,.051,.087,2.9,12.8,7.9,40.3,1.7,0.8,17.8,19.1,,0.8,0.7,1.5,.129,,-0.6,-0.3,-0.9,0.2
299,Jalen McDaniels\mcdanja01,PF,22,CHO,2,7,11.3,.400,.200,.000,14.8,0.0,7.7,0.0,0.0,0.0,0.0,31.0,,0.0,0.0,0.0,-0.099,,-6.3,-11.5,-17.8,0.0
300,Doug McDermott\mcderdo01,PF,28,IND,33,697,12.8,.609,.539,.094,2.5,12.0,7.3,7.9,0.3,0.4,8.3,18.0,,1.0,0.6,1.6,.111,,1.1,-1.9,-0.9,0.2
301,JaVale McGee\mcgeeja01,C,32,LAL,33,541,21.3,.647,.006,.215,13.4,26.0,19.9,5.4,1.4,8.3,12.7,16.1,,1.3,1.2,2.5,.218,,-0.5,4.1,3.6,0.8
302,Rodney McGruder\mcgruro01,SG,28,LAC,22,380,6.6,.482,.607,.143,3.6,12.8,8.3,4.8,1.4,0.9,9.2,10.6,,0.0,0.5,0.5,.062,,-2.1,0.9,-1.2,0.1
303,Alfonzo McKinnie\mckinal01,SF,27,CLE,21,202,6.8,.460,.455,.200,5.9,14.8,10.3,2.1,1.7,1.3,13.1,14.5,,-0.2,0.1,-0.1,-0.013,,-4.5,-1.6,-6.1,-0.2
304,Jordan McLaughlin\mclaujo01,PG,23,MIN,5,80,12.4,.504,.500,.143,1.3,10.5,5.8,22.3,2.3,0.0,11.8,17.4,,0.1,0.1,0.1,.066,,-1.5,-2.0,-3.5,0.0
305,Ben McLemore\mclembe01,SG,26,HOU,33,794,11.2,.579,.850,.169,1.4,9.0,5.2,5.8,1.4,0.9,8.6,16.2,,0.9,0.5,1.4,.086,,0.6,-2.1,-1.6,0.1
306,Jordan McRae\mcraejo01,SG,28,WAS,16,314,19.1,.615,.374,.267,1.3,13.9,7.3,22.3,1.6,1.7,9.9,21.3,,0.8,0.0,0.9,.134,,2.6,-2.3,0.2,0.2
307,Nicolò Melli\mellini01,C,29,NOP,26,370,10.4,.540,.688,.275,3.9,13.8,8.7,9.6,1.8,1.2,12.8,15.7,,0.2,0.2,0.5,.060,,-1.0,-0.9,-1.9,0.0
308,De'Anthony Melton\meltode01,PG,21,MEM,23,382,17.3,.557,.275,.313,5.3,18.8,12.0,25.4,3.8,1.1,19.0,20.1,,0.4,0.5,0.9,.109,,0.2,1.7,1.8,0.4
309,Chimezie Metu\metuch01,PF,22,SAS,9,34,33.6,.551,.000,.200,25.0,24.7,24.9,10.5,1.4,7.5,4.4,28.6,,0.1,0.0,0.2,.237,,2.7,0.7,3.5,0.0
310,Khris Middleton\middlkh01,SF,28,MIL,28,786,20.9,.600,.363,.210,3.3,15.7,9.9,20.5,1.6,0.7,11.6,26.3,,1.9,1.4,3.3,.199,,2.8,0.1,2.9,1.0
311,C.J. Miles\milescj01,SG,32,WAS,10,161,11.2,.472,.593,.339,2.6,5.7,4.1,9.7,2.9,2.2,5.6,18.4,,0.0,0.0,0.1,.027,,-0.8,-1.9,-2.6,0.0
312,Malcolm Miller\millema01,SF,26,TOR,18,108,4.9,.416,.789,.316,1.0,12.0,6.7,8.5,1.8,1.7,12.2,9.7,,-0.1,0.2,0.1,.033,,-4.0,1.3,-2.7,0.0
313,Patty Mills\millspa02,PG,31,SAS,31,714,15.0,.598,.596,.189,1.0,5.9,3.5,12.7,1.8,0.6,9.4,19.7,,1.1,0.3,1.4,.094,,2.3,-2.8,-0.5,0.3
314,Paul Millsap\millspa01,PF,34,DEN,28,697,18.1,.604,.260,.340,8.0,17.1,12.6,8.3,1.7,2.6,11.4,20.1,,1.5,1.1,2.6,.178,,0.7,1.1,1.9,0.7
315,Shake Milton\miltosh01,SG,23,PHI,10,83,1.6,.463,.528,.250,1.4,9.2,5.4,12.1,0.6,0.0,23.1,26.9,,-0.3,0.1,-0.2,-0.121,,-7.4,-3.9,-11.4,-0.2
316,Donovan Mitchell\mitchdo01,SG,23,UTA,33,1153,20.3,.556,.303,.249,2.5,11.1,7.0,22.3,1.6,0.6,9.9,31.4,,1.9,1.4,3.3,.138,,2.4,-0.6,1.8,1.1
317,Naz Mitrou-Long\mitrona01,SG,26,IND,3,43,10.4,.438,.688,.000,0.0,15.0,7.6,22.4,1.1,2.0,11.1,18.2,,0.0,0.1,0.0,.030,,-2.5,-0.5,-3.0,0.0
318,Adam Mokoka\mokokad01,G,21,CHI,2,6,-19.8,.000,.400,.000,34.0,0.0,17.6,0.0,0.0,0.0,0.0,35.2,,-0.1,0.0,-0.1,-0.686,,-21.3,-13.3,-34.5,0.0
319,Malik Monk\monkma01,SG,21,CHO,34,691,12.5,.530,.444,.172,2.1,13.6,7.5,17.5,1.1,0.9,13.0,21.7,,0.2,0.3,0.4,.030,,-1.4,-2.4,-3.9,-0.3
320,E'Twaun Moore\mooreet01,SG,30,NOP,22,440,13.9,.529,.411,.117,4.0,12.3,8.0,12.4,1.3,0.4,5.9,20.7,,0.5,0.2,0.7,.072,,0.0,-2.5,-2.5,-0.1
321,Ja Morant\moranja01,PG,20,MEM,28,819,17.8,.549,.162,.330,2.3,9.4,5.9,33.8,1.7,0.9,16.2,27.0,,0.9,0.3,1.2,.070,,0.5,-2.1,-1.6,0.1
322,Juwan Morgan\morgaju01,PF,22,UTA,4,15,-1.1,.000,1.000,.000,0.0,20.5,10.7,8.3,0.0,5.5,50.0,5.8,,0.0,0.0,0.0,-0.058,,-9.5,4.8,-4.7,0.0
323,Marcus Morris\morrima03,SF,30,NYK,30,944,16.4,.579,.410,.318,3.4,15.6,9.3,7.8,1.2,1.3,9.7,23.5,,1.6,0.5,2.0,.102,,1.2,-2.1,-0.9,0.3
324,Markieff Morris\morrima02,PF,30,DET,31,698,13.0,.590,.489,.178,2.8,16.9,9.9,11.5,1.3,0.8,15.7,20.9,,0.4,0.4,0.8,.053,,-0.3,-1.5,-1.8,0.0
325,Monte Morris\morrimo01,PG,24,DEN,32,563,14.5,.493,.229,.166,1.7,8.0,4.8,26.4,1.8,1.3,8.3,18.4,,0.7,0.7,1.4,.116,,-1.3,-0.9,-2.2,0.0
326,Johnathan Motley\motlejo01,PF,24,LAC,4,11,13.2,.500,.333,.000,9.6,9.2,9.4,35.5,12.7,0.0,50.0,22.3,,0.0,0.0,0.0,.024,,-3.6,9.2,5.6,0.0
327,Emmanuel Mudiay\mudiaem01,PG,23,UTA,30,496,12.0,.551,.253,.242,2.0,14.1,8.3,22.4,0.9,1.2,19.9,21.6,,0.0,0.6,0.6,.059,,-2.6,0.1,-2.5,-0.1
328,Dejounte Murray\murrade01,PG,23,SAS,28,662,17.5,.544,.154,.233,5.0,20.9,13.0,24.6,3.7,1.2,19.7,21.3,,0.3,0.9,1.2,.088,,-0.5,2.6,2.1,0.7
329,Jamal Murray\murraja01,PG,22,DEN,32,1023,16.7,.533,.341,.208,3.2,11.7,7.4,22.3,2.1,0.8,12.3,25.0,,1.0,1.4,2.4,.114,,0.9,0.1,1.0,0.8
330,Džanan Musa\musadz01,SF,20,BRK,23,307,5.6,.422,.500,.310,3.4,13.1,8.4,10.9,1.4,0.3,17.4,18.6,,-0.6,0.3,-0.2,-0.039,,-5.9,-0.8,-6.7,-0.4
331,Mike Muscala\muscami01,C,28,OKC,20,200,7.4,.425,.738,.154,4.0,17.8,11.1,9.7,1.0,1.2,8.0,16.7,,-0.1,0.2,0.1,.018,,-2.9,-1.1,-4.0,-0.1
332,Sviatoslav Mykhailiuk\mykhasv01,SF,22,DET,29,514,9.7,.574,.714,.091,1.5,7.2,4.4,10.8,1.4,0.3,13.0,15.5,,0.3,0.1,0.5,.044,,-0.1,-2.5,-2.5,-0.1
333,Abdel Nader\naderab01,SF,26,OKC,25,457,10.4,.598,.519,.252,2.0,9.0,5.6,5.8,1.0,1.6,14.7,16.5,,0.2,0.4,0.6,.061,,-1.4,-1.1,-2.6,-0.1
334,Larry Nance\nancela02,C,27,CLE,29,715,15.3,.587,.447,.205,7.6,24.5,15.9,8.9,1.5,1.8,11.9,14.0,,1.0,0.5,1.6,.105,,0.3,0.8,1.1,0.6
335,Shabazz Napier\napiesh01,PG,28,MIN,19,374,12.0,.464,.574,.257,1.1,10.7,5.8,29.8,2.9,0.9,17.9,22.1,,-0.3,0.4,0.1,.010,,-2.0,-1.2,-3.1,-0.1
336,Raul Neto\netora01,PG,27,PHI,28,325,11.1,.588,.389,.089,1.1,8.7,5.0,18.0,2.1,0.5,21.1,15.7,,0.1,0.4,0.5,.076,,-2.2,-0.8,-3.0,-0.1
337,Georges Niang\niangge01,PF,26,UTA,27,323,9.6,.603,.646,.104,2.1,12.4,7.5,5.1,0.6,0.8,11.5,15.3,,0.2,0.3,0.6,.086,,-0.9,-1.1,-2.0,0.0
338,Nerlens Noel\noelne01,C,25,OKC,31,575,22.4,.715,.000,.464,8.7,19.9,14.5,10.7,3.0,6.6,17.2,15.7,,1.6,1.2,2.8,.235,,1.1,5.5,6.7,1.3
339,Zach Norvell\norveza01,SG,22,LAL,2,5,-5.6,.000,.000,.000,0.0,21.6,11.1,0.0,0.0,0.0,0.0,8.5,,0.0,0.0,0.0,-0.155,,-14.3,-3.0,-17.3,0.0
340,Jaylen Nowell\nowelja01,SG,20,MIN,5,59,8.7,.522,.563,.313,0.0,3.6,1.7,12.3,0.0,0.0,5.2,13.4,,0.1,0.0,0.1,.045,,-2.7,-5.0,-7.7,-0.1
341,Frank Ntilikina\ntilila01,PG,21,NYK,31,699,8.9,.486,.445,.145,1.6,8.0,4.7,18.7,2.5,1.5,17.1,13.5,,0.0,0.4,0.4,.028,,-2.3,-0.1,-2.5,-0.1
342,Kendrick Nunn\nunnke01,SG,24,MIA,33,1012,13.4,.538,.421,.111,1.1,8.9,5.2,19.2,1.5,0.7,11.5,23.8,,0.5,0.9,1.4,.068,,-0.3,-1.9,-2.2,0.0
343,David Nwaba\nwabada01,SF,27,BRK,20,268,14.2,.627,.394,.380,3.1,13.5,8.5,4.4,1.9,3.6,8.8,14.0,,0.4,0.4,0.8,.145,,-1.6,1.4,-0.1,0.1
344,Royce O'Neale\onealro01,PF,26,UTA,33,969,9.4,.629,.613,.110,0.7,16.4,8.9,11.6,1.4,0.9,14.5,9.0,,1.0,1.3,2.4,.117,,-0.1,2.5,2.4,1.1
345,Kyle O'Quinn\oquinky01,C,29,PHI,18,170,15.7,.553,.333,.167,12.7,27.0,20.0,19.0,0.6,6.4,23.7,17.1,,0.1,0.3,0.4,.121,,-1.7,4.0,2.3,0.2
346,Semi Ojeleye\ojelese01,PF,25,BOS,29,434,6.0,.518,.627,.149,2.5,11.2,6.9,4.1,1.2,0.4,7.8,7.6,,0.2,0.5,0.7,.077,,-2.0,0.5,-1.5,0.1
347,Jahlil Okafor\okafoja01,C,24,NOP,20,337,17.0,.634,.019,.398,10.0,18.1,13.9,13.1,0.7,3.9,19.1,19.2,,0.6,0.2,0.8,.113,,-1.1,0.8,-0.4,0.1
348,Elie Okobo\okoboel01,PG,22,PHO,24,270,16.4,.543,.380,.457,1.6,9.7,5.5,27.7,1.9,1.0,7.5,18.6,,0.6,0.2,0.8,.135,,0.5,-2.1,-1.6,0.0
349,Josh Okogie\okogijo01,SG,21,MIN,30,724,9.8,.508,.395,.468,5.5,14.1,9.7,8.2,1.7,1.5,16.4,15.6,,0.0,0.6,0.5,.036,,-3.0,0.3,-2.6,-0.1
350,KZ Okpala\okpalkz01,SF,20,MIA,3,3,-13.5,,,,0.0,35.6,18.7,0.0,0.0,0.0,100.0,14.5,,0.0,0.0,0.0,-0.403,,-23.0,-1.4,-24.4,0.0
351,Kelly Olynyk\olynyke01,C,28,MIA,33,688,13.1,.627,.598,.270,4.5,20.0,12.7,8.9,1.7,1.4,15.6,15.8,,0.9,0.9,1.8,.128,,0.2,0.5,0.6,0.4
352,Miye Oni\onimi01,SG,22,UTA,3,8,-5.0,,,,0.0,12.8,6.7,0.0,0.0,0.0,100.0,5.5,,0.0,0.0,0.0,-0.133,,-11.9,0.8,-11.1,0.0
353,Cedi Osman\osmande01,SF,24,CLE,32,920,10.1,.532,.514,.155,1.6,11.2,6.4,11.0,1.7,0.9,12.9,15.8,,0.2,0.3,0.5,.027,,-0.9,-0.6,-1.4,0.1
354,Kelly Oubre\oubreke01,SF,24,PHO,33,1097,15.3,.559,.356,.306,3.9,16.5,10.0,7.5,2.1,2.0,9.5,22.2,,1.0,1.1,2.0,.088,,-0.5,0.1,-0.4,0.4
355,Jabari Parker\parkeja01,PF,24,ATL,31,822,17.8,.568,.289,.186,6.8,18.4,12.5,11.5,2.3,1.5,12.5,24.2,,0.7,0.7,1.3,.078,,0.3,-0.8,-0.5,0.3
356,Chandler Parsons\parsoch01,SF,31,ATL,5,54,5.8,.389,.778,.000,2.0,12.3,7.0,7.6,3.5,1.6,14.3,16.2,,-0.1,0.0,-0.1,-0.063,,-4.9,-0.4,-5.3,0.0
357,Eric Paschall\pascher01,PF,23,GSW,29,819,15.2,.573,.202,.352,5.4,12.7,8.9,10.0,0.7,1.1,10.4,21.4,,1.1,0.2,1.3,.076,,-0.7,-2.5,-3.2,-0.2
358,Anžejs Pasečņiks\pasecan01,C,24,WAS,7,145,13.8,.569,.000,.575,10.7,18.2,14.3,5.6,1.0,1.2,9.1,15.7,,0.3,0.0,0.3,.087,,-1.4,-2.2,-3.6,-0.1
359,Patrick Patterson\pattepa01,PF,30,LAC,31,456,12.7,.581,.756,.178,5.8,16.0,11.0,7.2,0.5,0.6,7.0,14.1,,0.8,0.5,1.3,.134,,1.2,-0.9,0.3,0.3
360,Justin Patton\pattoju01,C,22,OKC,2,9,-10.3,.333,.333,.000,0.0,24.0,12.3,0.0,0.0,0.0,25.0,19.7,,-0.1,0.0,0.0,-0.227,,-15.2,-5.7,-20.8,0.0
361,Chris Paul\paulch01,PG,34,OKC,32,1014,21.3,.602,.361,.358,1.1,15.2,8.4,32.2,2.4,0.4,12.2,21.9,,2.9,1.3,4.2,.200,,3.9,0.3,4.2,1.6
362,Elfrid Payton\paytoel01,PG,25,NYK,16,383,14.6,.445,.227,.129,5.0,11.6,8.1,38.0,3.2,1.0,17.7,18.8,,0.0,0.3,0.4,.046,,-0.9,0.0,-0.9,0.1
363,Gary Payton\paytoga02,G,27,WAS,4,110,21.2,.575,.394,.121,8.5,16.7,12.4,18.3,6.8,1.6,16.8,15.7,,0.2,0.2,0.3,.146,,2.7,4.1,6.8,0.2
364,Norvel Pelle\pelleno01,SF,26,PHI,7,63,12.9,.687,.000,.667,7.2,26.0,16.8,8.4,0.0,11.9,34.0,12.0,,0.0,0.1,0.2,.119,,-5.4,6.5,1.1,0.0
365,Theo Pinson\pinsoth01,SG,24,BRK,21,283,5.1,.386,.504,.128,3.0,11.4,7.3,20.4,1.7,0.6,17.0,23.3,,-0.8,0.3,-0.5,-0.078,,-6.0,-1.2,-7.2,-0.4
366,Mason Plumlee\plumlma01,C,29,DEN,32,557,18.8,.602,.026,.529,11.4,24.6,18.0,19.7,1.7,3.6,21.0,18.5,,0.9,1.1,1.9,.168,,-0.5,3.9,3.4,0.8
367,Vincent Poirier\poirivi01,C,26,BOS,9,44,15.5,.504,.000,.143,19.7,16.9,18.2,9.9,2.2,4.2,16.8,17.4,,0.0,0.1,0.1,.143,,-1.2,2.8,1.7,0.0
368,Jakob Pöltl\poeltja01,C,24,SAS,31,568,18.5,.597,.000,.358,11.8,21.8,16.8,12.4,1.5,6.7,15.9,12.7,,1.1,0.8,1.8,.155,,-0.2,4.4,4.1,0.9
369,Shamorie Ponds\pondssh01,PG,21,TOR,3,9,17.8,.500,.250,.000,0.0,11.1,5.7,37.1,0.0,10.3,0.0,19.0,,0.0,0.0,0.0,.189,,-0.4,1.9,1.4,0.0
370,Jordan Poole\poolejo01,SG,20,GSW,29,630,3.6,.376,.532,.226,0.7,9.3,4.9,12.1,1.3,1.0,10.2,20.4,,-1.5,0.2,-1.3,-0.098,,-6.0,-2.9,-8.9,-1.1
371,Kevin Porter\porteke02,SF,19,CLE,31,670,10.1,.534,.374,.230,1.6,14.9,8.2,13.7,2.0,0.6,18.1,18.9,,-0.2,0.4,0.1,.009,,-2.4,-0.6,-3.0,-0.2
372,Michael Porter\portemi01,PF,21,DEN,23,223,17.0,.574,.357,.133,10.2,21.6,15.8,7.1,0.7,3.3,11.9,22.8,,0.3,0.3,0.6,.129,,-0.9,-0.8,-1.7,0.0
373,Otto Porter\porteot01,SF,26,CHI,9,226,13.6,.544,.476,.238,3.6,11.2,7.2,9.7,1.9,1.3,7.0,18.6,,0.2,0.3,0.5,.113,,-0.5,-0.3,-0.8,0.1
374,Bobby Portis\portibo01,C,24,NYK,33,710,14.3,.512,.330,.151,6.8,21.9,14.1,9.2,1.4,1.2,9.9,20.6,,0.3,0.5,0.9,.058,,-1.4,-1.1,-2.6,-0.1
375,Kristaps Porziņģis\porzikr01,PF,24,DAL,31,968,16.6,.510,.419,.254,5.9,24.7,15.6,7.1,0.9,5.8,9.0,25.3,,0.4,1.6,2.0,.097,,-2.3,1.3,-1.0,0.2
376,Dwight Powell\poweldw01,C,28,DAL,29,757,14.9,.653,.187,.477,7.3,14.4,11.0,7.8,1.6,1.8,11.8,11.9,,1.7,0.9,2.6,.162,,1.0,1.8,2.8,0.9
377,Norman Powell\powelno01,SG,26,TOR,27,780,15.3,.617,.461,.243,2.1,11.5,7.0,9.2,1.8,1.3,12.0,19.6,,1.0,1.1,2.1,.131,,1.0,0.3,1.3,0.7
378,Julius Randle\randlju01,PF,25,NYK,33,1057,17.2,.537,.271,.368,7.1,22.2,14.4,17.8,1.1,0.4,14.3,26.9,,0.7,0.6,1.3,.060,,0.6,-1.0,-0.4,0.4
379,Cam Reddish\reddica01,SF,20,ATL,31,803,5.9,.423,.439,.225,2.8,13.5,8.0,8.9,1.9,1.3,15.8,18.3,,-1.5,0.4,-1.1,-0.069,,-5.4,-0.8,-6.2,-0.9
380,J.J. Redick\redicjj01,SG,35,NOP,32,909,14.9,.630,.635,.267,0.8,10.0,5.3,10.0,0.6,0.6,8.9,19.4,,2.0,0.1,2.1,.111,,2.4,-3.1,-0.7,0.3
381,Naz Reid\reidna01,C,20,MIN,3,24,9.8,.444,.667,.000,4.2,17.5,10.7,7.4,1.9,3.4,10.0,34.4,,-0.1,0.0,0.0,-0.089,,-4.0,-3.9,-7.9,0.0
382,Josh Richardson\richajo01,SG,26,PHI,27,855,12.8,.534,.392,.206,3.2,9.1,6.2,15.2,1.6,1.8,13.4,21.8,,0.3,1.1,1.4,.079,,-0.7,-0.1,-0.7,0.3
383,Austin Rivers\riverau01,SG,27,HOU,31,730,9.8,.517,.559,.183,2.6,8.5,5.5,9.4,1.1,0.7,7.5,15.0,,0.6,0.4,1.0,.066,,-1.3,-1.8,-3.1,-0.2
384,Duncan Robinson\robindu01,SF,25,MIA,33,896,14.0,.700,.845,.083,0.7,11.7,6.5,5.1,1.1,1.1,6.5,14.9,,2.0,0.8,2.8,.150,,3.4,-1.4,1.9,0.9
385,Glenn Robinson\robingl02,SF,26,GSW,33,1052,12.0,.542,.319,.137,4.9,10.9,7.8,7.8,1.5,0.7,7.3,15.4,,1.0,0.4,1.4,.062,,-0.8,-1.2,-1.9,0.0
386,Jerome Robinson\robinje01,SG,22,LAC,26,306,4.5,.415,.465,.131,1.0,12.6,6.9,10.9,1.1,2.0,14.7,16.4,,-0.5,0.4,-0.1,-0.019,,-5.3,0.5,-4.8,-0.2
387,Justin Robinson\robinju01,PG,22,WAS,8,45,9.3,.591,.455,.000,2.3,10.2,6.0,17.1,0.0,1.9,21.4,12.8,,0.0,0.0,0.0,.009,,-2.5,-3.4,-5.9,0.0
388,Mitchell Robinson\robinmi01,C,21,NYK,29,653,24.0,.690,.000,.497,14.3,18.9,16.5,3.8,1.7,8.2,8.3,14.9,,2.3,0.8,3.1,.229,,1.9,3.1,5.0,1.2
389,Rajon Rondo\rondora01,PG,33,LAL,21,451,14.8,.518,.412,.128,2.8,15.3,9.2,34.9,2.4,0.4,22.0,18.9,,0.3,0.7,1.0,.104,,-0.6,0.2,-0.4,0.2
390,Derrick Rose\rosede01,PG,31,DET,28,684,22.2,.556,.212,.181,2.5,7.4,5.0,44.0,1.8,1.2,14.0,31.1,,1.3,0.3,1.6,.114,,3.3,-2.7,0.6,0.5
391,Terrence Ross\rosste01,SG,28,ORL,31,777,12.9,.532,.551,.199,1.2,11.5,6.1,6.5,1.8,1.0,7.9,22.5,,0.2,0.8,1.0,.061,,-0.6,-1.8,-2.4,-0.1
392,Terry Rozier\roziete01,PG,25,CHO,35,1170,14.3,.534,.432,.195,2.6,12.4,7.2,21.5,1.8,0.5,14.2,24.5,,0.5,0.6,1.0,.042,,0.3,-1.7,-1.4,0.2
393,Ricky Rubio\rubiori01,PG,29,PHO,27,863,17.0,.518,.300,.258,2.3,14.3,8.1,41.8,1.8,0.6,15.5,21.4,,1.4,0.6,2.0,.111,,0.9,-0.7,0.2,0.5
394,D'Angelo Russell\russeda01,SG,23,GSW,22,691,19.7,.557,.494,.249,0.9,10.9,5.8,36.0,1.3,1.0,12.8,32.2,,0.8,0.2,1.1,.075,,4.7,-3.4,1.3,0.6
395,Domantas Sabonis\sabondo01,C,23,IND,31,1060,19.4,.554,.078,.322,10.6,31.4,21.1,17.3,1.1,1.5,14.5,23.3,,1.5,1.9,3.5,.156,,0.1,2.7,2.8,1.3
396,JaKarr Sampson\sampsja02,SF,26,IND,10,171,10.2,.577,.238,.167,4.5,12.5,8.5,3.2,1.4,3.0,11.7,13.0,,0.1,0.2,0.3,.087,,-2.6,1.2,-1.4,0.0
397,Dario Šarić\saricda01,PF,25,PHO,33,897,13.1,.550,.493,.170,6.6,22.5,14.3,10.7,1.3,1.0,12.3,17.6,,0.7,0.7,1.5,.079,,-0.4,0.2,-0.3,0.4
398,Tomáš Satoranský\satorto01,PG,28,CHI,34,957,14.9,.571,.389,.204,3.5,10.9,7.1,28.5,2.5,0.5,19.2,16.4,,1.2,1.3,2.5,.124,,0.0,0.6,0.7,0.6
399,Admiral Schofield\schofad01,SF,22,WAS,19,223,7.0,.531,.642,.189,1.9,10.8,6.1,6.8,1.5,1.2,10.9,11.9,,0.1,0.0,0.1,.015,,-1.8,-2.0,-3.8,-0.1
400,Dennis Schröder\schrode01,PG,26,OKC,31,935,15.9,.563,.343,.210,1.0,12.8,7.1,21.2,1.1,0.9,15.4,28.3,,0.2,0.8,1.1,.055,,-0.2,-1.5,-1.7,0.1
401,Mike Scott\scottmi01,PF,31,PHI,35,654,10.0,.565,.680,.083,4.0,14.8,9.5,4.6,0.8,0.3,6.5,13.2,,0.7,0.7,1.3,.099,,-0.6,-1.3,-1.9,0.0
402,Thabo Sefolosha\sefolth01,PF,35,HOU,23,227,7.3,.413,.604,.021,5.5,16.4,10.9,8.4,1.8,1.5,12.6,10.0,,0.0,0.2,0.2,.042,,-3.7,0.6,-3.1,-0.1
403,Collin Sexton\sextoco01,SG,21,CLE,32,979,14.7,.520,.192,.254,3.8,7.9,5.8,13.3,1.5,0.2,10.7,26.8,,0.4,0.2,0.5,.026,,-1.0,-2.8,-3.8,-0.5
404,Landry Shamet\shamela01,SG,22,LAC,17,462,8.7,.616,.744,.188,0.2,6.4,3.4,7.8,0.8,0.8,11.2,12.7,,0.6,0.4,0.9,.097,,0.5,-0.6,0.0,0.2
405,Iman Shumpert\shumpim01,SG,29,BRK,13,241,5.4,.403,.516,.109,3.9,10.1,7.1,6.8,2.3,0.7,13.0,13.2,,-0.3,0.3,0.0,.001,,-4.8,0.8,-3.9,-0.1
406,Pascal Siakam\siakapa01,PF,25,TOR,27,989,19.4,.555,.309,.231,4.1,18.1,11.4,17.4,1.3,2.4,10.6,29.5,,1.1,1.6,2.7,.131,,1.2,0.9,2.1,1.0
407,Chris Silva\silvach01,PF,23,MIA,26,239,18.0,.704,.038,.769,22.3,20.1,21.2,9.5,1.2,6.2,29.4,17.9,,0.5,0.4,0.9,.184,,0.3,2.8,3.1,0.3
408,Ben Simmons\simmobe01,PG,23,PHI,33,1161,19.0,.578,.014,.419,5.5,16.5,11.1,36.0,3.1,1.5,22.5,19.6,,1.8,2.1,3.9,.162,,0.8,3.3,4.1,1.8
409,Anfernee Simons\simonan01,SG,20,POR,34,746,10.6,.522,.427,.163,2.1,9.5,5.8,8.5,0.8,0.6,8.7,19.5,,0.4,0.2,0.5,.035,,-1.0,-2.9,-3.9,-0.4
410,Alen Smailagić\smailal01,F,19,GSW,2,24,16.6,.699,.333,.167,4.4,23.1,13.4,6.6,0.0,3.8,0.0,11.4,,0.1,0.0,0.1,.171,,-0.7,-1.3,-2.0,0.0
411,Marcus Smart\smartma01,SG,25,BOS,21,659,13.4,.510,.593,.167,3.3,8.0,5.7,19.6,2.1,1.3,9.9,17.1,,0.8,0.9,1.7,.121,,1.5,0.4,1.9,0.7
412,Dennis Smith\smithde03,PG,22,NYK,21,339,6.4,.392,.325,.238,3.8,9.9,6.8,25.2,1.4,2.0,17.7,21.2,,-0.7,0.1,-0.5,-0.077,,-4.9,-1.4,-6.3,-0.4
413,Ish Smith\smithis01,PG,31,WAS,32,814,13.4,.516,.276,.120,1.9,10.6,6.0,23.1,1.4,1.4,11.2,18.1,,0.7,-0.1,0.7,.040,,-0.7,-2.2,-2.8,-0.2
414,Tony Snell\snellto01,SF,28,DET,30,787,9.4,.621,.722,.064,0.9,6.9,3.9,6.9,0.9,0.5,6.8,11.3,,1.0,0.1,1.1,.070,,0.8,-1.8,-0.9,0.2
415,Omari Spellman\spellom01,PF,22,GSW,31,515,15.3,.531,.312,.277,12.4,20.2,16.2,7.8,1.6,3.0,15.6,19.0,,0.3,0.4,0.7,.065,,-2.1,-0.3,-2.4,-0.1
416,Max Strus\strusma01,SG,23,CHI,2,6,30.8,.727,.333,.333,17.0,0.0,8.8,0.0,0.0,0.0,0.0,24.2,,0.0,0.0,0.0,.334,,7.1,-8.9,-1.8,0.0
417,Edmond Sumner\sumneed01,PG,24,IND,10,151,10.8,.458,.333,.156,5.1,6.4,5.7,16.0,2.6,2.3,11.1,15.6,,0.0,0.2,0.2,.072,,-1.9,1.3,-0.6,0.1
418,Caleb Swanigan\swanica01,PF,22,SAC,5,13,2.2,.521,.000,1.000,8.5,36.2,22.0,0.0,3.8,14.5,58.1,23.2,,-0.1,0.0,-0.1,-0.226,,-19.3,6.0,-13.3,0.0
419,Jayson Tatum\tatumja01,PF,21,BOS,30,1024,17.9,.528,.375,.218,3.8,17.9,10.9,13.7,1.9,2.2,10.1,28.1,,0.8,1.7,2.5,.117,,0.4,0.7,1.1,0.8
420,Jeff Teague\teaguje01,PG,31,MIN,28,813,17.2,.586,.271,.477,1.6,8.5,5.0,33.2,1.2,1.1,16.0,20.3,,1.8,0.4,2.2,.129,,0.8,-2.4,-1.6,0.1
421,Garrett Temple\templga01,SG,33,BRK,32,943,10.0,.503,.658,.142,2.0,9.4,5.9,12.4,1.4,1.4,10.2,16.4,,0.2,0.9,1.2,.059,,-1.2,0.1,-1.1,0.2
422,Daniel Theis\theisda01,C,27,BOS,27,581,15.7,.592,.193,.255,8.0,22.1,15.1,9.2,1.1,6.5,12.0,13.5,,1.0,1.1,2.1,.176,,-0.6,4.5,3.9,0.9
423,Isaiah Thomas\thomais02,PG,30,WAS,23,583,13.8,.547,.446,.169,0.9,6.9,3.7,26.9,0.9,0.7,14.6,23.7,,0.5,-0.2,0.3,.025,,0.4,-5.0,-4.5,-0.4
424,Khyri Thomas\thomakh01,SG,23,DET,2,6,4.0,.568,,,0.0,0.0,0.0,0.0,0.0,0.0,0.0,6.3,,0.0,0.0,0.0,.022,,-4.3,-3.1,-7.4,0.0
425,Matt Thomas\thomama02,SG,25,TOR,12,136,13.0,.727,.703,.135,0.8,8.8,4.9,4.4,1.4,0.0,9.3,13.6,,0.3,0.1,0.4,.141,,1.4,-1.6,-0.1,0.1
426,Tristan Thompson\thomptr01,C,28,CLE,31,972,17.4,.524,.021,.289,13.7,21.7,17.6,11.5,1.2,2.7,13.1,19.1,,1.1,0.7,1.7,.084,,-0.5,1.3,0.8,0.7
427,Matisse Thybulle\thybuma01,SG,22,PHI,30,529,11.0,.592,.598,.214,1.7,4.9,3.4,9.2,3.9,3.5,18.6,12.2,,0.2,1.0,1.2,.109,,-1.0,3.2,2.2,0.6
428,Anthony Tolliver\tollian01,PF,34,POR,24,388,6.9,.517,.808,.179,4.3,13.5,9.0,6.9,1.0,1.3,18.4,11.2,,0.0,0.2,0.2,.025,,-1.6,-0.6,-2.2,0.0
429,Karl-Anthony Towns\townska01,C,24,MIN,23,779,28.5,.654,.486,.352,8.2,27.8,17.8,23.8,1.4,3.0,13.4,28.5,,3.0,1.0,4.0,.245,,7.7,1.6,9.3,2.2
430,Gary Trent\trentga02,SG,21,POR,21,239,9.2,.521,.653,.053,2.2,8.4,5.4,6.2,1.6,1.0,8.4,14.8,,0.1,0.1,0.2,.043,,-0.9,-1.9,-2.8,0.0
431,Allonzo Trier\trieral01,PG,24,NYK,16,205,16.0,.685,.561,.591,0.5,11.1,5.6,16.4,0.5,1.9,19.4,21.3,,0.4,0.0,0.5,.108,,1.0,-3.2,-2.2,0.0
432,P.J. Tucker\tuckepj01,PF,34,HOU,33,1190,10.4,.622,.656,.132,4.6,16.3,10.5,5.2,1.6,1.0,13.0,9.5,,1.5,1.1,2.5,.103,,0.1,1.0,1.1,0.9
433,Rayjon Tucker\tuckera01,F,22,UTA,1,2,6.4,.347,.500,1.000,0.0,51.3,26.8,0.0,0.0,0.0,0.0,62.8,,0.0,0.0,0.0,-0.514,,-20.0,-20.3,-40.3,0.0
434,Evan Turner\turneev01,PG,31,ATL,18,230,7.5,.434,.079,.222,3.3,13.9,8.5,21.9,1.6,2.9,26.6,17.0,,-0.4,0.1,-0.3,-0.060,,-7.1,0.1,-7.0,-0.3
435,Myles Turner\turnemy01,C,23,IND,25,731,14.7,.565,.458,.242,5.1,16.0,10.6,5.7,1.0,6.2,11.4,17.8,,0.5,1.2,1.7,.114,,-0.7,2.8,2.1,0.8
436,Jonas Valančiūnas\valanjo01,C,27,MEM,31,774,21.3,.640,.128,.206,11.2,30.4,20.8,12.1,0.5,3.0,15.7,22.3,,1.6,0.7,2.2,.138,,0.8,0.2,1.1,0.6
437,Denzel Valentine\valende01,SF,26,CHI,20,259,14.3,.541,.615,.043,1.2,15.7,8.2,13.3,2.6,1.8,9.1,21.4,,0.1,0.4,0.5,.099,,-0.5,0.2,-0.3,0.1
438,Jarred Vanderbilt\vandeja01,SF,20,DEN,3,9,0.5,,,,0.0,24.4,12.1,13.1,0.0,0.0,100.0,4.8,,0.0,0.0,0.0,-0.053,,-10.7,2.3,-8.4,0.0
439,Fred VanVleet\vanvlfr01,PG,25,TOR,28,1021,16.7,.542,.453,.299,0.7,9.9,5.5,28.8,2.7,0.6,13.1,22.6,,1.4,1.5,3.0,.139,,1.8,0.4,2.1,1.1
440,Noah Vonleh\vonleno01,C,24,MIN,22,284,14.8,.594,.197,.364,10.0,23.0,16.3,11.8,1.5,1.4,18.2,13.6,,0.4,0.3,0.7,.121,,-1.7,0.8,-0.8,0.1
441,Nikola Vučević\vucevni01,C,29,ORL,22,690,22.7,.534,.270,.188,8.2,28.6,18.0,19.3,1.5,2.9,6.0,25.0,,1.3,1.1,2.4,.170,,2.4,2.1,4.5,1.1
442,Dean Wade\wadede01,PF,23,CLE,3,18,6.5,.750,.500,.000,0.0,12.3,6.1,0.0,2.7,0.0,0.0,4.7,,0.0,0.0,0.0,.083,,-2.5,-1.4,-3.9,0.0
443,Moritz Wagner\wagnemo01,C,22,WAS,21,429,18.6,.682,.350,.269,8.2,24.9,16.1,9.7,1.6,2.6,19.4,21.3,,0.8,0.2,1.0,.112,,1.3,-0.7,0.5,0.3
444,Kemba Walker\walkeke02,PG,29,BOS,29,939,21.9,.584,.534,.268,2.6,10.2,6.4,25.9,1.3,1.7,10.8,28.6,,2.6,1.1,3.7,.190,,5.6,-1.1,4.5,1.6
445,Lonnie Walker\walkelo01,SG,21,SAS,23,234,10.6,.506,.235,.224,4.1,12.6,8.4,7.4,1.2,1.1,12.2,22.4,,-0.1,0.1,0.0,-0.006,,-3.9,-2.8,-6.7,-0.3
446,Tyrone Wallace\wallaty01,SG,25,ATL,14,160,4.1,.389,.341,.386,2.0,13.1,7.5,11.1,2.0,0.5,16.3,16.0,,-0.3,0.1,-0.2,-0.072,,-6.7,-1.4,-8.2,-0.2
447,Taurean Waller-Prince\princta02,SF,25,BRK,32,976,9.3,.494,.565,.109,2.9,18.9,11.2,10.2,1.4,1.2,14.5,19.6,,-0.7,1.3,0.5,.027,,-3.0,0.6,-2.4,-0.1
448,Derrick Walton\waltode01,PG,24,LAC,16,151,10.1,.678,.636,.318,1.4,5.4,3.4,14.3,1.2,0.0,10.7,7.6,,0.3,0.1,0.4,.139,,0.1,-1.1,-1.0,0.0
449,Brad Wanamaker\wanambr01,PG,30,BOS,30,560,13.8,.577,.267,.466,2.3,9.7,6.0,20.7,1.8,1.3,16.6,16.1,,0.9,0.7,1.6,.139,,-0.6,0.2,-0.3,0.2
450,T.J. Warren\warretj01,SF,26,IND,33,1069,15.5,.574,.238,.203,2.9,9.2,6.1,5.8,1.5,1.1,7.5,22.4,,1.3,1.2,2.5,.114,,0.2,-0.8,-0.7,0.4
451,PJ Washington\washipj01,PF,21,CHO,30,889,14.2,.579,.361,.271,3.1,16.6,9.5,9.0,1.6,2.9,10.8,17.6,,0.9,0.6,1.5,.083,,-0.9,0.3,-0.5,0.3
452,Yuta Watanabe\watanyu01,SG,25,MEM,4,18,12.0,.583,.333,.000,5.9,23.9,14.8,0.0,0.0,4.8,14.3,16.2,,0.0,0.0,0.0,.029,,-6.2,-4.4,-10.5,0.0
453,Tremont Waters\watertr01,PG,22,BOS,3,28,11.0,.543,.583,.167,0.0,7.6,3.8,16.0,1.7,6.6,23.7,25.8,,0.0,0.0,0.0,.000,,-4.2,0.7,-3.5,0.0
454,Russell Westbrook\westbru01,PG,31,HOU,29,1025,18.4,.504,.237,.299,4.8,19.0,11.9,33.3,2.0,0.9,15.6,32.9,,0.5,1.1,1.6,.077,,-0.6,0.6,0.0,0.5
455,Coby White\whiteco01,SG,19,CHI,34,824,10.5,.478,.474,.135,1.4,14.6,7.8,14.8,1.6,0.3,10.9,23.5,,-0.7,1.0,0.3,.018,,-2.9,-1.0,-3.9,-0.4
456,Derrick White\whitede01,SG,25,SAS,29,685,14.3,.580,.327,.308,2.0,10.1,6.1,18.3,1.1,2.1,12.9,17.4,,1.0,0.3,1.3,.094,,0.2,-1.0,-0.9,0.2
457,Hassan Whiteside\whiteha01,C,30,POR,31,913,25.1,.640,.006,.324,13.5,33.6,23.7,7.0,0.7,7.7,14.6,20.2,,2.5,1.5,4.0,.210,,0.2,3.0,3.2,1.2
458,Andrew Wiggins\wiggian01,SF,24,MIN,26,931,18.0,.536,.325,.266,3.5,12.2,7.8,16.5,0.9,2.5,9.6,29.5,,0.8,0.6,1.4,.072,,0.7,-1.5,-0.9,0.3
459,Grant Williams\willigr01,PF,21,BOS,28,428,6.1,.454,.425,.287,5.1,10.4,7.8,8.2,1.1,3.2,17.6,11.9,,-0.2,0.6,0.4,.045,,-3.4,1.8,-1.6,0.0
460,Johnathan Williams\willijo04,F,24,WAS,3,64,10.8,.661,.143,.429,11.3,16.1,13.6,7.6,0.0,1.4,19.4,6.6,,0.1,0.0,0.1,.082,,-0.7,-1.3,-2.0,0.0
461,Kenrich Williams\willike04,PF,25,NOP,32,753,8.3,.441,.676,.173,6.7,17.7,12.0,8.8,1.4,2.4,12.3,9.4,,0.2,0.6,0.7,.046,,-2.1,1.6,-0.5,0.3
462,Lou Williams\willilo02,SG,33,LAC,32,968,17.1,.539,.322,.374,1.3,8.8,5.1,31.7,1.1,0.5,14.7,28.0,,1.3,0.9,2.2,.110,,1.0,-1.7,-0.7,0.3
463,Marvin Williams\willima02,PF,33,CHO,30,623,13.1,.629,.564,.224,2.2,13.0,7.3,7.8,1.7,2.0,10.4,14.1,,0.9,0.4,1.3,.101,,-0.1,-0.6,-0.7,0.2
464,Robert Williams\williro04,C,22,BOS,19,269,18.5,.671,.000,.286,9.2,25.2,17.3,10.8,3.1,7.2,22.5,11.3,,0.4,0.7,1.1,.202,,-0.8,7.3,6.5,0.6
465,Nigel Williams-Goss\willini01,PG,25,UTA,8,24,3.9,.170,.200,.400,9.4,8.6,8.9,20.6,2.0,3.5,25.4,14.3,,-0.1,0.0,0.0,-0.079,,-8.1,3.0,-5.2,0.0
466,D.J. Wilson\wilsodj01,PF,23,MIL,19,205,9.3,.541,.588,.044,3.1,16.4,10.1,8.9,0.0,1.3,13.7,16.2,,0.0,0.3,0.3,.076,,-2.5,-1.0,-3.5,-0.1
467,Justise Winslow\winslju01,SF,23,MIA,10,337,9.4,.446,.205,.213,5.6,17.4,11.8,19.3,0.9,1.2,14.2,20.9,,-0.2,0.4,0.1,.017,,-3.7,0.2,-3.5,-0.1
468,Christian Wood\woodch01,PF,24,DET,30,480,23.5,.681,.256,.518,9.7,25.5,17.6,6.1,0.9,4.0,12.7,21.3,,1.4,0.5,1.9,.185,,1.3,-0.7,0.6,0.3
469,Delon Wright\wrighde01,SG,27,DAL,30,614,20.1,.600,.290,.267,4.5,13.3,9.0,22.7,3.6,1.3,10.1,15.1,,1.8,1.0,2.8,.215,,2.6,2.4,5.0,1.1
470,Thaddeus Young\youngth01,PF,31,CHI,33,715,11.3,.466,.372,.131,7.1,14.7,10.8,13.8,2.3,1.1,14.0,21.1,,-0.6,1.0,0.5,.031,,-2.9,0.9,-2.0,0.0
471,Trae Young\youngtr01,PG,21,ATL,31,1082,23.2,.586,.444,.367,1.6,11.9,6.7,42.9,1.6,0.2,16.2,34.6,,2.2,0.3,2.6,.113,,6.8,-2.8,4.0,1.6
472,Cody Zeller\zelleco01,C,27,CHO,32,758,19.3,.599,.197,.372,12.8,22.6,17.5,8.9,1.4,1.7,13.3,20.6,,1.5,0.6,2.1,.132,,0.5,-0.7,-0.2,0.3
473,Ante Žižić\zizican01,C,23,CLE,10,96,18.9,.636,.000,.323,7.9,20.8,14.3,0.0,1.0,2.7,2.7,16.1,,0.3,0.1,0.3,.169,,-2.6,-4.5,-7.1,-0.1
474,Ivica Zubac\zubaciv01,C,22,LAC,34,587,21.5,.635,.011,.489,14.9,24.3,19.7,8.1,0.6,4.6,12.3,18.2,,1.8,1.0,2.8,.230,,0.8,2.2,3.1,0.8